BossTextures=2;;;
BossSounds=1;;;
BossHitbox=250,80;;;
BossEnergie=30000;;;
BossTime=99;;;
BossIncoming=240;;;
BossWeaponPoints=-42,29;42,29;-76,40;76,40;-110,52;110,52;;;
BossWayPoints=240,200,240,200,20,0;		240,200,240,200,80,1;		240,200,360,200,60,1;		360,200,120,200,120,1;		120,200,240,200,60,1;		240,200,240,200,60,0;		240,200,360,200,60,1;		360,200,120,200,120,1;		120,200,240,200,60,1;		240,200,240,200,60,0;		240,200,360,200,60,1;		360,200,120,200,120,1;		120,200,240,200,60,1;;;		
BossShotPoints=60,11,10,4;		65,11,10,5;		70,11,10,4;		75,11,10,5;		80,11,10,4;		85,11,10,5;		90,11,10,4;		95,11,10,5;		100,11,10,4;		105,11,10,5;		110,11,10,4;		115,11,10,5;		120,11,10,4;		125,11,10,5;		130,11,10,4;		135,11,10,5;		140,11,10,4;		145,11,10,5;		150,11,10,4;		155,11,10,5;		160,11,10,4;		165,11,10,5;		170,11,10,4;		175,11,10,5;		180,11,10,4;		185,11,10,5;		190,11,10,4;		195,11,10,5;		200,11,10,4;		205,11,10,5;		210,11,10,4;		215,11,10,5;		220,11,10,4;		225,11,10,5;		230,11,10,4;		235,11,10,5;		240,11,10,4;		245,11,10,5;		250,11,10,4;		255,11,10,5;		260,11,10,4;		265,11,10,5;		270,11,10,4;		275,11,10,5;		280,11,10,4;		285,11,10,5;		290,11,10,4;		295,11,10,5;		300,11,10,4;		305,11,10,5;		310,11,10,4;		315,11,10,5;		320,11,10,4;		325,11,10,5;		330,11,10,4;		335,11,10,5;		340,11,10,4;								100,2,5,0;		110,2,5,1;		120,2,5,2;		130,2,5,3;		140,2,5,0;		150,2,5,1;		160,2,5,2;		170,2,5,3;		180,2,5,0;		190,2,5,1;		200,2,5,2;		210,2,5,3;		220,2,5,0;		230,2,5,1;		240,2,5,2;		250,2,5,3;		260,2,5,0;		270,2,5,1;		280,2,5,2;		290,2,5,3;		300,2,5,0;		310,2,5,1;		320,2,5,2;		330,2,5,3;		340,2,5,0;								400,11,10,2;		405,11,10,3;		410,11,10,2;		415,11,10,3;		420,11,10,2;		425,11,10,3;		430,11,10,2;		435,11,10,3;		440,11,10,2;		445,11,10,3;		450,11,10,2;		455,11,10,3;		460,11,10,2;		465,11,10,3;		470,11,10,2;		475,11,10,3;		480,11,10,2;		485,11,10,3;		490,11,10,2;		495,11,10,3;		500,11,10,2;		505,11,10,3;		510,11,10,2;		515,11,10,3;		520,11,10,2;		525,11,10,3;		530,11,10,2;		535,11,10,3;		540,11,10,2;		545,11,10,3;		550,11,10,2;		555,11,10,3;		560,11,10,2;		565,11,10,3;		570,11,10,2;		575,11,10,3;		580,11,10,2;		585,11,10,3;		690,11,10,2;		595,11,10,3;		600,11,10,2;		605,11,10,3;		610,11,10,2;		615,11,10,3;		620,11,10,2;		625,11,10,3;		630,11,10,2;		635,11,10,3;		640,11,10,2;								400,2,5,0;		410,2,5,1;		420,2,5,4;		430,2,5,5;		440,2,5,0;		450,2,5,1;		460,2,5,4;		470,2,5,5;		480,2,5,0;		490,2,5,1;		500,2,5,4;		510,2,5,5;		520,2,5,0;		530,2,5,1;		540,2,5,4;		550,2,5,5;		560,2,5,0;		570,2,5,1;		580,2,5,4;		590,2,5,5;		600,2,5,0;		610,2,5,1;		620,2,5,4;		630,2,5,5;		640,2,5,0;								700,11,10,0;		705,11,10,1;		710,11,10,0;		715,11,10,1;		720,11,10,0;		725,11,10,1;		730,11,10,0;		735,11,10,1;		740,11,10,0;		745,11,10,1;		750,11,10,0;		755,11,10,1;		760,11,10,0;		765,11,10,1;		770,11,10,0;		775,11,10,1;		780,11,10,0;		785,11,10,1;		790,11,10,0;		795,11,10,1;		800,11,10,0;		805,11,10,1;		810,11,10,0;		815,11,10,1;		820,11,10,0;		825,11,10,1;		830,11,10,0;		835,11,10,1;		840,11,10,0;		845,11,10,1;		850,11,10,0;		855,11,10,1;		860,11,10,0;		865,11,10,1;		870,11,10,0;		875,11,10,1;		880,11,10,0;		885,11,10,1;		890,11,10,0;		895,11,10,1;		900,11,10,0;		905,11,10,1;		910,11,10,0;		915,11,10,1;		920,11,10,0;		925,11,10,1;		930,11,10,0;		935,11,10,1;		940,11,10,0;								700,2,5,2;		710,2,5,3;		720,2,5,4;		730,2,5,5;		740,2,5,2;		750,2,5,3;		760,2,5,4;		770,2,5,5;		780,2,5,2;		790,2,5,3;		800,2,5,4;		810,2,5,5;		820,2,5,2;		830,2,5,3;		840,2,5,4;		850,2,5,5;		860,2,5,2;		870,2,5,3;		880,2,5,4;		890,2,5,5;		900,2,5,2;		910,2,5,3;		920,2,5,4;		930,2,5,5;		940,2,5,2;;;
BossSoundPoints=20,0;		400,0;		700,0;;;





// <-- Trennzeichen für den Code

Daten zum Ablauf des Endbosses
BossTextures = Anzahl der vorhandenen Texturen
BossSounds = Anzahhl der Vorhandenen Sounds
BossHitbox = Hitbox Widht, Hitbox height
BossIncoming = x Koordinaten, in der der Boss, zum Start, ins Bild fliegt
BossEnergie = Energie des Endbosses
BossWeaponPoints = Punkte an dem der Boss seine Waffen hat. Relativ zur Mitte des Bosses (y,x;x:y usw) Die Punkte werden der Reihe nach katalogisiert
BossWayPoints = Wegpunkte des Loops, die der Boss abläuft (x1, y1, x2, y2, Frames, angezeigte Textur)
BossShotPoints = Punkte an der der Boss schiesst (Frame, Schusstyp, Geschwindigkeit, WeaponPoint)
BossSoundPoints = Gibt an bei welchem Frame, welcher Sound ausgegeben wird (Frame, Sound)