100,6,40,3,0,0,False,,1:15:;;;
100,6,40,3,-40,10,False,,1;;;
100,6,40,3,-80,20,False,,1;;;
100,6,40,3,-120,30,False,,1;;;
100,6,40,3,-160,40,False,,1;;;
100,6,40,3,-20,-60,False,,1;;;
100,6,40,3,-60,-50,False,,1;;;
100,6,40,3,-100,-40,False,,1;;;
100,6,40,3,-140,-30,False,,1;;;
100,6,40,3,-180,-20,False,,1;;;
100,6,40,3,-40,-120,False,,1;;;
100,6,40,3,-80,-110,False,,1;;;
100,6,40,3,-120,-100,False,,1;;;
100,6,40,3,-160,-90,False,,1;;;
100,6,40,3,-200,-80,False,,1;;;

240,6,40,3,0,0,True,,2:15:;;;
240,6,40,3,-40,10,True,,2:;;;
240,6,40,3,-80,20,True,,2;;;
240,6,40,3,-120,30,True,,2;;;
240,6,40,3,-160,40,True,,2;;;
240,6,40,3,-20,-60,True,,2;;;
240,6,40,3,-60,-50,True,,2;;;
240,6,40,3,-100,-40,True,,2;;;
240,6,40,3,-140,-30,True,,2;;;
240,6,40,3,-180,-20,True,,2;;;
240,6,40,3,-40,-120,True,,2;;;
240,6,40,3,-80,-110,True,,2;;;
240,6,40,3,-120,-100,True,,2;;;
240,6,40,3,-160,-90,True,,2;;;
240,6,40,3,-200,-80,True,,2;;;





380,0,250,0,0,0,False,30:1:5;60:1:5,3:5:;;;
420,1,250,0,0,0,True,30:1:5;60:1:5,4:5:;;;
460,0,250,0,50,0,False,30:1:5;60:1:5,3;;;
500,1,250,0,50,0,True,30:1:5;60:1:5,4;;;
540,0,250,0,0,0,False,30:1:5;60:1:5,3;;;
580,1,250,0,0,0,True,30:1:5;60:1:5,4;;;
620,0,250,0,50,0,False,30:1:5;60:1:5,3;;;
660,1,250,0,50,0,True,30:1:5;60:1:5,4;;;
700,0,250,0,0,0,False,30:1:5;60:1:5,3;;;
740,1,250,0,0,0,True,30:1:5;60:1:5,4;;;





840,0,250,1,0,-80,False,30:1:5;60:1:5,5:6;;;
880,1,250,1,0,-80,False,30:1:5;60:1:5,6:6;;;
920,0,250,1,0,-80,False,30:1:5;60:1:5,5;;;
960,1,250,1,0,-80,False,30:1:5;60:1:5,6;;;
1000,0,250,1,0,-80,False,30:1:5;60:1:5,5;;;
1040,1,250,1,0,-80,False,30:1:5;60:1:5,6;;;

1000,1,250,1,40,110,True,30:1:5;60:1:5,6;;;
1040,0,250,1,40,110,True,30:1:5;60:1:5,5;;;
1080,1,250,1,40,110,True,30:1:5;60:1:5,6;;;
1120,0,250,1,40,110,True,30:1:5;60:1:5,5;;;
1160,1,250,1,40,110,True,30:1:5;60:1:5,6;;;
1200,0,250,1,40,110,True,30:1:5;60:1:5,5;;;





1360,3,500,3,-100,0,False,60:1:7;75:1:7;90:1:7,7:6;;;
1360,3,500,3,-200,60,False,70:1:7;85:1:7;100:1:7,7;;;
1360,3,500,3,-100,120,False,80:1:7;95:1:7;100:1:7,7;;;

1420,4,500,3,-100,0,True,60:1:7;75:1:7;90:1:7,8:6;;;
1420,4,500,3,-200,60,True,70:1:7;85:1:7;100:1:7,8;;;
1420,4,500,3,-100,120,True,80:1:7;95:1:7;100:1:7,8;;;

1480,3,500,3,-100,0,False,60:1:7;75:1:7;90:1:7,7;;;
1480,3,500,3,-200,60,False,70:1:7;85:1:7;100:1:7,7;;;
1480,3,500,3,-100,120,False,80:1:7;95:1:7;100:1:7,7;;;

1540,4,500,3,-100,0,True,60:1:7;75:1:7;90:1:7,8;;;
1540,4,500,3,-200,60,True,70:1:7;85:1:7;100:1:7,8;;;
1540,4,500,3,-100,120,True,80:1:7;95:1:7;100:1:7,8;;;





1660,2,6000,2,0,0,True,40:1:5;80:1:5;120:1:5;160:1:5;200:1:5;240:1:5;280:1:5;320:1:5;360:1:5;400:1:5;440:1:5;480:1:5;520:1:5;560:1:5;600:1:5;640:1:5;680:1:5;720:1:5,206:1;208:4:OneUp;;;
1660,2,6000,2,0,0,False,60:1:5;80:1:5;100:1:5;140:1:5;180:1:5;220:1:5;260:1:5;300:1:5;340:1:5;380:1:5;420:1:5;460:1:5;500:1:5;540:1:5;580:1:5;620:1:5;660:1:5;700:1:5,207:1;208;;;

1660,6,50,5,0,0,False,,9:26;;;
1680,6,50,5,0,0,False,,9;;;
1700,6,50,5,0,0,False,,9;;;
1720,6,50,5,0,0,False,,9;;;
1740,6,50,5,0,0,False,,9;;;
1760,6,50,5,0,0,False,,9;;;
1780,6,50,5,0,0,False,,9;;;
1800,6,50,5,0,0,False,,9;;;
1820,6,50,5,0,0,False,,9;;;
1840,6,50,5,0,0,False,,9;;;
1860,6,50,5,0,0,False,,9;;;
1880,6,50,5,0,0,False,,9;;;
1900,6,50,5,0,0,False,,9;;;
1920,6,50,5,0,0,False,,9;;;
1940,6,50,5,0,0,False,,9;;;
1960,6,50,5,0,0,False,,9;;;
1980,6,50,5,0,0,False,,9;;;
2000,6,50,5,0,0,False,,9;;;
2020,6,50,5,0,0,False,,9;;;
2040,6,50,5,0,0,False,,9;;;
2060,6,50,5,0,0,False,,9;;;
2080,6,50,5,0,0,False,,9;;;
2100,6,50,5,0,0,False,,9;;;
2120,6,50,5,0,0,False,,9;;;
2140,6,50,5,0,0,False,,9;;;
2160,6,50,5,0,0,False,,9;;;

1660,6,50,5,0,0,True,,10:26;;;
1680,6,50,5,0,0,True,,10;;;
1700,6,50,5,0,0,True,,10;;;
1720,6,50,5,0,0,True,,10;;;
1740,6,50,5,0,0,True,,10;;;
1760,6,50,5,0,0,True,,10;;;
1780,6,50,5,0,0,True,,10;;;
1800,6,50,5,0,0,True,,10;;;
1820,6,50,5,0,0,True,,10;;;
1840,6,50,5,0,0,True,,10;;;
1860,6,50,5,0,0,True,,10;;;
1880,6,50,5,0,0,True,,10;;;
1900,6,50,5,0,0,True,,10;;;
1920,6,50,5,0,0,True,,10;;;
1940,6,50,5,0,0,True,,10;;;
1960,6,50,5,0,0,True,,10;;;
1980,6,50,5,0,0,True,,10;;;
2000,6,50,5,0,0,True,,10;;;
2020,6,50,5,0,0,True,,10;;;
2040,6,50,5,0,0,True,,10;;;
2060,6,50,5,0,0,True,,10;;;
2080,6,50,5,0,0,True,,10;;;
2100,6,50,5,0,0,True,,10;;;
2120,6,50,5,0,0,True,,10;;;
2140,6,50,5,0,0,True,,10;;;
2160,6,50,5,0,0,True,,10;;;





2600,0,250,0,0,0,False,30:1:5;60:1:5,11:7;;;
2630,1,250,0,0,0,True,30:1:5;60:1:5,12:7;;;
2660,0,250,0,50,0,False,30:1:5;60:1:5,11;;;
2690,1,250,0,50,0,True,30:1:5;60:1:5,12;;;
2720,0,250,0,0,0,False,30:1:5;60:1:5,11;;;
2750,1,250,0,0,0,True,30:1:5;60:1:5,12;;;
2780,0,250,0,50,0,False,30:1:5;60:1:5,11;;;
2810,1,250,0,50,0,True,30:1:5;60:1:5,12;;;
2840,0,250,0,0,0,False,30:1:5;60:1:5,11;;;
2870,1,250,0,0,0,True,30:1:5;60:1:5,12;;;
2900,0,250,0,0,0,False,30:1:5;60:1:5,11;;;
2930,1,250,0,0,0,True,30:1:5;60:1:5,12;;;
2960,0,250,0,0,0,False,30:1:5;60:1:5,11;;;
2990,1,250,0,0,0,True,30:1:5;60:1:5,12;;;





3100,2,6000,2,120,0,True,40:1:5;80:1:5;120:1:5;160:1:5;200:1:5;240:1:5;280:1:5;320:1:5;360:1:5;400:1:5;440:1:5;480:1:5;520:1:5;560:1:5;600:1:5;640:1:5;680:1:5;720:1:5,209:1;208;;;
3100,2,6000,2,120,0,False,60:1:5;80:1:5;100:1:5;140:1:5;180:1:5;220:1:5;260:1:5;300:1:5;340:1:5;380:1:5;420:1:5;460:1:5;500:1:5;540:1:5;580:1:5;620:1:5;660:1:5;700:1:5,210:1;208;;;

3100,6,50,5,-150,0,False,,13:26;;;
3120,6,50,5,-150,0,False,,13;;;
3140,6,50,5,-150,0,False,,13;;;
3160,6,50,5,-150,0,False,,13;;;
3180,6,50,5,-150,0,False,,13;;;
3200,6,50,5,-150,0,False,,13;;;
3220,6,50,5,-150,0,False,,13;;;
3240,6,50,5,-150,0,False,,13;;;
3260,6,50,5,-150,0,False,,13;;;
3280,6,50,5,-150,0,False,,13;;;
3300,6,50,5,-150,0,False,,13;;;
3320,6,50,5,-150,0,False,,13;;;
3340,6,50,5,-150,0,False,,13;;;
3360,6,50,5,-150,0,False,,13;;;
3380,6,50,5,-150,0,False,,13;;;
3400,6,50,5,-150,0,False,,13;;;
3420,6,50,5,-150,0,False,,13;;;
3440,6,50,5,-150,0,False,,13;;;
3460,6,50,5,-150,0,False,,13;;;
3480,6,50,5,-150,0,False,,13;;;
3500,6,50,5,-150,0,False,,13;;;
3520,6,50,5,-150,0,False,,13;;;
3540,6,50,5,-150,0,False,,13;;;
3560,6,50,5,-150,0,False,,13;;;
3680,6,50,5,-150,0,False,,13;;;
3700,6,50,5,-150,0,False,,13;;;

3100,6,50,5,-150,0,True,,14:26;;;
3120,6,50,5,-150,0,True,,14;;;
3140,6,50,5,-150,0,True,,14;;;
3160,6,50,5,-150,0,True,,14;;;
3180,6,50,5,-150,0,True,,14;;;
3200,6,50,5,-150,0,True,,14;;;
3220,6,50,5,-150,0,True,,14;;;
3240,6,50,5,-150,0,True,,14;;;
3260,6,50,5,-150,0,True,,14;;;
3280,6,50,5,-150,0,True,,14;;;
3300,6,50,5,-150,0,True,,14;;;
3320,6,50,5,-150,0,True,,14;;;
3340,6,50,5,-150,0,True,,14;;;
3360,6,50,5,-150,0,True,,14;;;
3380,6,50,5,-150,0,True,,14;;;
3400,6,50,5,-150,0,True,,14;;;
3420,6,50,5,-150,0,True,,14;;;
3440,6,50,5,-150,0,True,,14;;;
3460,6,50,5,-150,0,True,,14;;;
3480,6,50,5,-150,0,True,,14;;;
3500,6,50,5,-150,0,True,,14;;;
3520,6,50,5,-150,0,True,,14;;;
3540,6,50,5,-150,0,True,,14;;;
3560,6,50,5,-150,0,True,,14;;;
3680,6,50,5,-150,0,True,,14;;;
3700,6,50,5,-150,0,True,,14;;;





4040,0,250,6,20,100,False,50:1:5;120:1:5,15:14:;;;
4080,1,250,6,-20,105,False,50:1:5;120:1:5,16:14:;;;
4120,0,250,6,20,100,False,50:1:5;120:1:5,15:;;;
4160,1,250,6,-20,105,False,50:1:5;120:1:5,16:;;;
4200,0,250,6,20,100,False,50:1:5;120:1:5,15:;;;
4240,1,250,6,-20,105,False,50:1:5;120:1:5,16:;;;
4280,0,250,6,20,100,False,50:1:5;120:1:5,15:;;;
4320,1,250,6,-20,105,False,50:1:5;120:1:5,16:;;;
4360,0,250,6,20,100,False,50:1:5;120:1:5,15:;;;
4400,1,250,6,-20,105,False,50:1:5;120:1:5,16:;;;
4440,0,250,6,20,100,False,50:1:5;120:1:5,15:;;;
4480,1,250,6,-20,105,False,50:1:5;120:1:5,16:;;;
4520,0,250,6,20,100,False,50:1:5;120:1:5,15:;;;
4560,1,250,6,-20,105,False,50:1:5;120:1:5,16:;;;

4040,1,250,6,-20,105,True,50:1:5;120:1:5,16:;;;
4080,0,250,6,20,100,True,50:1:5;120:1:5,15:;;;
4120,1,250,6,-20,105,True,50:1:5;120:1:5,16:;;;
4160,0,250,6,20,100,True,50:1:5;120:1:5,15:;;;
4200,1,250,6,-20,105,True,50:1:5;120:1:5,16:;;;
4240,0,250,6,20,100,True,50:1:5;120:1:5,15:;;;
4280,1,250,6,-20,105,True,50:1:5;120:1:5,16:;;;
4320,0,250,6,20,100,True,50:1:5;120:1:5,15:;;;
4360,1,250,6,-20,105,True,50:1:5;120:1:5,16:;;;
4400,0,250,6,20,100,True,50:1:5;120:1:5,15:;;;
4440,1,250,6,-20,105,True,50:1:5;120:1:5,16:;;;
4480,0,250,6,20,100,True,50:1:5;120:1:5,15:;;;
4520,1,250,6,-20,105,True,50:1:5;120:1:5,16:;;;
4560,0,250,6,20,100,True,50:1:5;120:1:5,15:;;;

4040,6,50,4,0,-100,False,,17:27:;;;
4060,6,50,4,0,-100,False,,17:;;;
4080,6,50,4,0,-100,False,,17:;;;
4100,6,50,4,0,-100,False,,17:;;;
4120,6,50,4,0,-100,False,,17:;;;
4140,6,50,4,0,-100,False,,17:;;;
4160,6,50,4,0,-100,False,,17:;;;
4180,6,50,4,0,-100,False,,17:;;;
4200,6,50,4,0,-100,False,,17:;;;
4220,6,50,4,0,-100,False,,17:;;;
4240,6,50,4,0,-100,False,,17:;;;
4260,6,50,4,0,-100,False,,17:;;;
4280,6,50,4,0,-100,False,,17:;;;
4300,6,50,4,0,-100,False,,17:;;;
4320,6,50,4,0,-100,False,,17:;;;
4340,6,50,4,0,-100,False,,17:;;;
4360,6,50,4,0,-100,False,,17:;;;
4380,6,50,4,0,-100,False,,17:;;;
4400,6,50,4,0,-100,False,,17:;;;
4420,6,50,4,0,-100,False,,17:;;;
4440,6,50,4,0,-100,False,,17:;;;
4460,6,50,4,0,-100,False,,17:;;;
4480,6,50,4,0,-100,False,,17:;;;
4500,6,50,4,0,-100,False,,17:;;;
4520,6,50,4,0,-100,False,,17:;;;
4540,6,50,4,0,-100,False,,17:;;;
4560,6,50,4,0,-100,False,,17:;;;

4040,6,50,4,0,-50,True,,18:27:;;;
4060,6,50,4,0,-50,True,,18:;;;
4080,6,50,4,0,-50,True,,18:;;;
4100,6,50,4,0,-50,True,,18:;;;
4120,6,50,4,0,-50,True,,18:;;;
4140,6,50,4,0,-50,True,,18:;;;
4160,6,50,4,0,-50,True,,18:;;;
4180,6,50,4,0,-50,True,,18:;;;
4200,6,50,4,0,-50,True,,18:;;;
4220,6,50,4,0,-50,True,,18:;;;
4240,6,50,4,0,-50,True,,18:;;;
4260,6,50,4,0,-50,True,,18:;;;
4280,6,50,4,0,-50,True,,18:;;;
4300,6,50,4,0,-50,True,,18:;;;
4320,6,50,4,0,-50,True,,18:;;;
4340,6,50,4,0,-50,True,,18:;;;
4360,6,50,4,0,-50,True,,18:;;;
4380,6,50,4,0,-50,True,,18:;;;
4400,6,50,4,0,-50,True,,18:;;;
4420,6,50,4,0,-50,True,,18:;;;
4440,6,50,4,0,-50,True,,18:;;;
4460,6,50,4,0,-50,True,,18:;;;
4480,6,50,4,0,-50,True,,18:;;;
4500,6,50,4,0,-50,True,,18:;;;
4520,6,50,4,0,-50,True,,18:;;;
4540,6,50,4,0,-50,True,,18:;;;
4560,6,50,4,0,-50,True,,18:;;;





4700,3,500,3,-100,0,False,60:1:7;75:1:7;90:1:7,19:6;;;
4700,3,500,3,-200,60,False,70:1:7;85:1:7;100:1:7,19:;;;
4700,3,500,3,-100,120,False,80:1:7;95:1:7;100:1:7,19:;;;

4760,4,500,3,-100,0,True,60:1:7;75:1:7;90:1:7,20:6;;;
4760,4,500,3,-200,60,True,70:1:7;85:1:7;100:1:7,20:;;;
4760,4,500,3,-100,120,True,80:1:7;95:1:7;100:1:7,20:;;;

4820,3,500,3,-100,0,False,60:1:7;75:1:7;90:1:7,19:;;;
4820,3,500,3,-200,60,False,70:1:7;85:1:7;100:1:7,19:;;;
4820,3,500,3,-100,120,False,80:1:7;95:1:7;100:1:7,19:;;;

4880,4,500,3,-100,0,True,60:1:7;75:1:7;90:1:7,20:;;;
4880,4,500,3,-200,60,True,70:1:7;85:1:7;100:1:7,20:;;;
4880,4,500,3,-100,120,True,80:1:7;95:1:7;100:1:7,20:;;;





5000,6,40,3,0,0,False,,21:15:;;;
5000,6,40,3,-40,10,False,,21;;;
5000,6,40,3,-80,20,False,,21;;;
5000,6,40,3,-120,30,False,,21;;;
5000,6,40,3,-160,40,False,,21;;;
5000,6,40,3,-20,-60,False,,21;;;
5000,6,40,3,-60,-50,False,,21;;;
5000,6,40,3,-100,-40,False,,21;;;
5000,6,40,3,-140,-30,False,,21;;;
5000,6,40,3,-180,-20,False,,21;;;
5000,6,40,3,-40,-120,False,,21;;;
5000,6,40,3,-80,-110,False,,21;;;
5000,6,40,3,-120,-100,False,,21;;;
5000,6,40,3,-160,-90,False,,21;;;
5000,6,40,3,-200,-80,False,,21;;;

5140,6,40,3,0,0,True,,22:15:;;;
5140,6,40,3,-40,10,True,,22:;;;
5140,6,40,3,-80,20,True,,22;;;
5140,6,40,3,-120,30,True,,22;;;
5140,6,40,3,-160,40,True,,22;;;
5140,6,40,3,-20,-60,True,,22;;;
5140,6,40,3,-60,-50,True,,22;;;
5140,6,40,3,-100,-40,True,,22;;;
5140,6,40,3,-140,-30,True,,22;;;
5140,6,40,3,-180,-20,True,,22;;;
5140,6,40,3,-40,-120,True,,22;;;
5140,6,40,3,-80,-110,True,,22;;;
5140,6,40,3,-120,-100,True,,22;;;
5140,6,40,3,-160,-90,True,,22;;;
5140,6,40,3,-200,-80,True,,22;;;





5280,6,50,4,0,-100,False,,23:27:;;;
5300,6,50,4,0,-100,False,,23:;;;
5320,6,50,4,0,-100,False,,23:;;;
5340,6,50,4,0,-100,False,,23:;;;
5360,6,50,4,0,-100,False,,23:;;;
5380,6,50,4,0,-100,False,,23:;;;
5400,6,50,4,0,-100,False,,23:;;;
5420,6,50,4,0,-100,False,,23:;;;
5440,6,50,4,0,-100,False,,23:;;;
5460,6,50,4,0,-100,False,,23:;;;
5480,6,50,4,0,-100,False,,23:;;;
5500,6,50,4,0,-100,False,,23:;;;
5520,6,50,4,0,-100,False,,23:;;;
5540,6,50,4,0,-100,False,,23:;;;
5560,6,50,4,0,-100,False,,23:;;;
5580,6,50,4,0,-100,False,,23:;;;
5600,6,50,4,0,-100,False,,23:;;;
5620,6,50,4,0,-100,False,,23:;;;
5640,6,50,4,0,-100,False,,23:;;;
5660,6,50,4,0,-100,False,,23:;;;
5680,6,50,4,0,-100,False,,23:;;;
5700,6,50,4,0,-100,False,,23:;;;
5720,6,50,4,0,-100,False,,23:;;;
5740,6,50,4,0,-100,False,,23:;;;
5760,6,50,4,0,-100,False,,23:;;;
5780,6,50,4,0,-100,False,,23:;;;
5800,6,50,4,0,-100,False,,23:;;;

5280,6,50,4,0,-50,True,,24:27:;;;
5300,6,50,4,0,-50,True,,24:;;;
5320,6,50,4,0,-50,True,,24:;;;
5340,6,50,4,0,-50,True,,24:;;;
5360,6,50,4,0,-50,True,,24:;;;
5380,6,50,4,0,-50,True,,24:;;;
5400,6,50,4,0,-50,True,,24:;;;
5420,6,50,4,0,-50,True,,24:;;;
5440,6,50,4,0,-50,True,,24:;;;
5460,6,50,4,0,-50,True,,24:;;;
5480,6,50,4,0,-50,True,,24:;;;
5500,6,50,4,0,-50,True,,24:;;;
5520,6,50,4,0,-50,True,,24:;;;
5540,6,50,4,0,-50,True,,24:;;;
5560,6,50,4,0,-50,True,,24:;;;
5580,6,50,4,0,-50,True,,24:;;;
5600,6,50,4,0,-50,True,,24:;;;
5620,6,50,4,0,-50,True,,24:;;;
5640,6,50,4,0,-50,True,,24:;;;
5660,6,50,4,0,-50,True,,24:;;;
5680,6,50,4,0,-50,True,,24:;;;
5700,6,50,4,0,-50,True,,24:;;;
5720,6,50,4,0,-50,True,,24:;;;
5740,6,50,4,0,-50,True,,24:;;;
5760,6,50,4,0,-50,True,,24:;;;
5780,6,50,4,0,-50,True,,24:;;;
5800,6,50,4,0,-50,True,,24:;;;

5280,6,50,4,0,0,False,,25:27:;;;
5300,6,50,4,0,0,False,,25:;;;
5320,6,50,4,0,0,False,,25:;;;
5340,6,50,4,0,0,False,,25:;;;
5360,6,50,4,0,0,False,,25:;;;
5380,6,50,4,0,0,False,,25:;;;
5400,6,50,4,0,0,False,,25:;;;
5420,6,50,4,0,0,False,,25:;;;
5440,6,50,4,0,0,False,,25:;;;
5460,6,50,4,0,0,False,,25:;;;
5480,6,50,4,0,0,False,,25:;;;
5500,6,50,4,0,0,False,,25:;;;
5520,6,50,4,0,0,False,,25:;;;
5540,6,50,4,0,0,False,,25:;;;
5560,6,50,4,0,0,False,,25:;;;
5580,6,50,4,0,0,False,,25:;;;
5600,6,50,4,0,0,False,,25:;;;
5620,6,50,4,0,0,False,,25:;;;
5640,6,50,4,0,0,False,,25:;;;
5660,6,50,4,0,0,False,,25:;;;
5680,6,50,4,0,0,False,,25:;;;
5700,6,50,4,0,0,False,,25:;;;
5720,6,50,4,0,0,False,,25:;;;
5740,6,50,4,0,0,False,,25:;;;
5760,6,50,4,0,0,False,,25:;;;
5780,6,50,4,0,0,False,,25:;;;
5800,6,50,4,0,0,False,,25:;;;

5280,6,50,4,0,50,True,,26:27:;;;
5300,6,50,4,0,50,True,,26:;;;
5320,6,50,4,0,50,True,,26:;;;
5340,6,50,4,0,50,True,,26:;;;
5360,6,50,4,0,50,True,,26:;;;
5380,6,50,4,0,50,True,,26:;;;
5400,6,50,4,0,50,True,,26:;;;
5420,6,50,4,0,50,True,,26:;;;
5440,6,50,4,0,50,True,,26:;;;
5460,6,50,4,0,50,True,,26:;;;
5480,6,50,4,0,50,True,,26:;;;
5500,6,50,4,0,50,True,,26:;;;
5520,6,50,4,0,50,True,,26:;;;
5540,6,50,4,0,50,True,,26:;;;
5560,6,50,4,0,50,True,,26:;;;
5580,6,50,4,0,50,True,,26:;;;
5600,6,50,4,0,50,True,,26:;;;
5620,6,50,4,0,50,True,,26:;;;
5640,6,50,4,0,50,True,,26:;;;
5660,6,50,4,0,50,True,,26:;;;
5680,6,50,4,0,50,True,,26:;;;
5700,6,50,4,0,50,True,,26:;;;
5720,6,50,4,0,50,True,,26:;;;
5740,6,50,4,0,50,True,,26:;;;
5760,6,50,4,0,50,True,,26:;;;
5780,6,50,4,0,50,True,,26:;;;
5800,6,50,4,0,50,True,,26:;;;









// <-- Trennzeichen für den Code

!!! Wichtiger Hinweis, wenn kein Schuss vorhanden "," nicht vergessen

Allgemeine Info
Erzeugt ein feindliches Element bei erreichtem Frame

Auflistung der bereitstehenden Daten
int Start Frame , int Gegner Typ , int Energy , int Weg Typ , int Weg Korrektur X , int Weg Korrektur y , bool Spiegelung des Weges , Schussdaten (int Wegframe : int Schussart : int Schussgeschwindigleit (pixel pro Frame)) , Gruppen Daten (int Gruppe : int Abschüsse für PowerUp : PowerUp);;;

Info zu den Schussdaten
Mehrere Schussdaten mit ; trennen und Schussdaten wiederholen
Wenn keine Schüsse, Feld leer lassen

Schussarten 
int 1 --> Direkter Schuss --> Erzeugt Schuss in der Klasse <ClassEnemyShotDirect>

Gruppen
Die Abschüsse für PowerUp und die die Art des PowerUps muss nur beim ersten Gegner der Gruppe deklariert werden,
dieser erzeugt einen neuen Eintrag in der Klasse <ClassEnemyGroups>
Ist die Anzahl der erförderlichen Gegner abgeschossen, wird das PowerUp in der Klasse <ClassPowerUps> Eingetragen und erzeugt
Gibt man keine Art des Powerups an, dann wird zufällig eines erzeugt.
Stehen bei weiteren Gegner, der Gruppe, andere PowerUps, so wird der Eintrag in der Klasse <ClassEnemyGroups> gewechselt.
Durch ein ; getrennt kann ein Gegner in mehreren Gruppen sein.