100,0,40,0,0,0,False,,1:15:;;;
110,0,40,0,-40,40,False,,1;;;
120,0,40,0,0,0,False,,1;;;
130,0,40,0,-40,40,False,,1;;;
140,0,40,0,0,0,False,,1;;;
150,0,40,0,-40,40,False,,1;;;
160,0,40,0,0,-0,False,,1;;;
170,0,40,0,-40,40,False,,1;;;
180,0,40,0,0,-0,False,,1;;;
190,0,40,0,-40,40,False,,1;;;
200,0,40,0,0,0,False,,1;;;
210,0,40,0,-40,40,False,,1;;;
220,0,40,0,0,0,False,,1;;;
230,0,40,0,-40,40,False,,1;;;
240,0,40,0,0,0,False,,1;;;

105,0,40,0,0,0,True,,2:15:;;;
115,0,40,0,-40,40,True,,2;;;
125,0,40,0,0,0,True,,2;;;
135,0,40,0,-40,40,True,,2;;;
145,0,40,0,0,0,True,,2;;;
155,0,40,0,-40,40,True,,2;;;
165,0,40,0,0,-0,True,,2;;;
175,0,40,0,-40,40,True,,2;;;
185,0,40,0,0,-0,True,,2;;;
195,0,40,0,-40,40,True,,2;;;
205,0,40,0,0,0,True,,2;;;
215,0,40,0,-40,40,True,,2;;;
225,0,40,0,0,0,True,,2;;;
235,0,40,0,-40,40,True,,2;;;
245,0,40,0,0,0,True,,2;;;

280,0,40,0,0,0,False,,3:15:;;;
290,0,40,0,-40,40,False,,3;;;
300,0,40,0,0,0,False,,3;;;
310,0,40,0,-40,40,False,,3;;;
320,0,40,0,0,0,False,,3;;;
330,0,40,0,-40,40,False,,3;;;
340,0,40,0,0,-0,False,,3;;;
350,0,40,0,-40,40,False,,3;;;
360,0,40,0,0,-0,False,,3;;;
370,0,40,0,-40,40,False,,3;;;
380,0,40,0,0,0,False,,3;;;
390,0,40,0,-40,40,False,,3;;;
400,0,40,0,0,0,False,,3;;;
410,0,40,0,-40,40,False,,3;;;
420,0,40,0,0,0,False,,3;;;

285,0,40,0,0,0,True,,4:15:;;;
295,0,40,0,-40,40,True,,4;;;
305,0,40,0,0,0,True,,4;;;
315,0,40,0,-40,40,True,,4;;;
325,0,40,0,0,0,True,,4;;;
335,0,40,0,-40,40,True,,4;;;
345,0,40,0,0,-0,True,,4;;;
355,0,40,0,-40,40,True,,4;;;
365,0,40,0,0,-0,True,,4;;;
375,0,40,0,-40,40,True,,4;;;
385,0,40,0,0,0,True,,4;;;
395,0,40,0,-40,40,True,,4;;;
405,0,40,0,0,0,True,,4;;;
415,0,40,0,-40,40,True,,4;;;
425,0,40,0,0,0,True,,4;;;





520,1,300,1,0,0,False,40:1:7;55:1:7;70:1:7,5:6:;;;
520,1,300,1,-70,-70,False,40:1:7;55:1:7;70:1:7,5;;;
520,1,300,1,0,-100,True,40:1:7;55:1:7;70:1:7,5;;;

660,2,300,1,0,0,True,40:1:7;55:1:7;70:1:7,6:6:;;;
660,2,300,1,-70,-70,True,40:1:7;55:1:7;70:1:7,6;;;
660,2,300,1,0,-100,False,40:1:7;55:1:7;70:1:7,6;;;

800,1,300,1,0,0,False,40:1:7;55:1:7;70:1:7,5;;;
800,1,300,1,-70,-70,False,40:1:7;55:1:7;70:1:7,5;;;
800,1,300,1,0,-100,True,40:1:7;55:1:7;70:1:7,5;;;

940,2,300,1,0,0,True,40:1:7;55:1:7;70:1:7,6;;;
940,2,300,1,-70,-70,True,40:1:7;55:1:7;70:1:7,6;;;
940,2,300,1,0,-100,False,40:1:7;55:1:7;70:1:7,6;;;





1100,3,350,2,-50,0,False,20:10:10;50:10:10;80:10:10,8:6:;;;
1200,3,350,2,0,0,False,20:10:10;50:10:10;80:10:10,8;;;
1300,3,350,2,-50,0,False,20:10:10;60:10:10;80:10:10,8;;;
1400,3,350,2,0,0,False,20:10:10;60:10:10;80:10:10,8;;;
1500,3,350,2,-50,0,False,20:10:10;60:10:10;80:10:10,8;;;
1600,3,350,2,0,0,False,20:10:10;60:10:10;80:10:10,8;;;

1150,3,350,2,0,0,True,20:10:10;50:10:10;80:10:10,9:6:;;;
1250,3,350,2,-50,0,True,20:10:10;50:10:10;80:10:10,9;;;
1350,3,350,2,0,0,True,20:10:10;50:10:10;80:10:10,9;;;
1450,3,350,2,-50,0,True,20:10:10;50:10:10;80:10:10,9;;;
1550,3,350,2,0,0,True,20:10:10;50:10:10;80:10:10,9;;;
1650,3,350,2,-50,0,True,20:10:10;50:10:10;80:10:10,9;;;





1850,0,40,3,0,0,True,,10:15:;;;
1870,0,40,3,0,40,True,,10;;;
1890,0,40,3,0,0,True,,10;;;
1910,0,40,3,0,40,True,,10;;;
1930,0,40,3,0,0,True,,10;;;
1950,0,40,3,0,40,True,,10;;;
1970,0,40,3,0,-0,True,,10;;;
1990,0,40,3,0,40,True,,10;;;
2010,0,40,3,0,-0,True,,10;;;
2030,0,40,3,0,40,True,,10;;;
2050,0,40,3,0,0,True,,10;;;
2070,0,40,3,0,40,True,,10;;;
2090,0,40,3,0,0,True,,10;;;
2110,0,40,3,0,40,True,,10;;;
2130,0,40,3,0,0,True,,10;;;

1850,3,300,4,0,-80,True,20:10:10;45:10:10;70:10:10,13:4:;;;
1920,3,300,4,0,-50,True,20:10:10;45:10:10;70:10:10,13;;;
1990,3,300,4,0,-80,True,20:10:10;45:10:10;70:10:10,13;;;
2060,3,300,4,0,-50,True,20:10:10;45:10:10;70:10:10,13;;;




2150,0,40,3,0,0,False,,11:15:;;;
2170,0,40,3,0,40,False,,11;;;
2190,0,40,3,0,0,False,,11;;;
2210,0,40,3,0,40,False,,11;;;
2230,0,40,3,0,0,False,,11;;;
2250,0,40,3,0,40,False,,11;;;
2270,0,40,3,0,-0,False,,11;;;
2290,0,40,3,0,40,False,,11;;;
2310,0,40,3,0,-0,False,,11;;;
2330,0,40,3,0,40,False,,11;;;
2350,0,40,3,0,0,False,,11;;;
2370,0,40,3,0,40,False,,11;;;
2390,0,40,3,0,0,False,,11;;;
2410,0,40,3,0,40,False,,11;;;
2430,0,40,3,0,0,False,,11;;;

2150,3,300,4,0,-80,False,20:10:10;45:10:10;70:10:10,14:4:;;;
2220,3,300,4,0,-50,False,20:10:10;45:10:10;70:10:10,14;;;
2290,3,300,4,0,-80,False,20:10:10;45:10:10;70:10:10,14;;;
2360,3,300,4,0,-80,False,20:10:10;45:10:10;70:10:10,14;;;





2500,4,6000,5,0,0,True,40:1:5;80:1:5;120:1:5;160:1:5;200:1:5;240:1:5;280:1:5;320:1:5;360:1:5;400:1:5;440:1:5;480:1:5;520:1:5;560:1:5;600:1:5;640:1:5;680:1:5;720:1:5,206:1;208:4:OneUp;;;
2500,4,6000,5,0,0,False,60:1:5;80:1:5;100:1:5;140:1:5;180:1:5;220:1:5;260:1:5;300:1:5;340:1:5;380:1:5;420:1:5;460:1:5;500:1:5;540:1:5;580:1:5;620:1:5;660:1:5;700:1:5,207:1;208;;;

2700,0,40,0,0,0,False,,15:15:;;;
2710,0,40,0,-40,40,False,,15;;;
2720,0,40,0,0,0,False,,15;;;
2730,0,40,0,-40,40,False,,15;;;
2740,0,40,0,0,0,False,,15;;;
2750,0,40,0,-40,40,False,,15;;;
2760,0,40,0,0,-0,False,,15;;;
2770,0,40,0,-40,40,False,,15;;;
2780,0,40,0,0,-0,False,,15;;;
2790,0,40,0,-40,40,False,,15;;;
2800,0,40,0,0,0,False,,15;;;
2810,0,40,0,-40,40,False,,15;;;
2820,0,40,0,0,0,False,,15;;;
2830,0,40,0,-40,40,False,,15;;;
2840,0,40,0,0,0,False,,15;;;

2705,0,40,0,0,0,True,,16:15:;;;
2715,0,40,0,-40,40,True,,16;;;
2725,0,40,0,0,0,True,,16;;;
2735,0,40,0,-40,40,True,,16;;;
2745,0,40,0,0,0,True,,16;;;
2755,0,40,0,-40,40,True,,16;;;
2765,0,40,0,0,-0,True,,16;;;
2775,0,40,0,-40,40,True,,16;;;
2785,0,40,0,0,-0,True,,16;;;
2795,0,40,0,-40,40,True,,16;;;
2805,0,40,0,0,0,True,,16;;;
2815,0,40,0,-40,40,True,,16;;;
2825,0,40,0,0,0,True,,16;;;
2835,0,40,0,-40,40,True,,16;;;
2845,0,40,0,0,0,True,,16;;;





3500,1,300,1,0,0,False,40:1:7;55:1:7;70:1:7,17:6:;;;
3500,1,300,1,-70,-70,False,40:1:7;55:1:7;70:1:7,17;;;
3500,1,300,1,0,-100,True,40:1:7;55:1:7;70:1:7,17;;;

3640,2,300,1,0,0,True,40:1:7;55:1:7;70:1:7,18:6:;;;
3640,2,300,1,-70,-70,True,40:1:7;55:1:7;70:1:7,18;;;
3640,2,300,1,0,-100,False,40:1:7;55:1:7;70:1:7,18;;;

3780,1,300,1,0,0,False,40:1:7;55:1:7;70:1:7,17;;;
3780,1,300,1,-70,-70,False,40:1:7;55:1:7;70:1:7,17;;;
3780,1,300,1,0,-100,True,40:1:7;55:1:7;70:1:7,17;;;

3820,2,300,1,0,0,True,40:1:7;55:1:7;70:1:7,18;;;
3820,2,300,1,-70,-70,True,40:1:7;55:1:7;70:1:7,18;;;
3820,2,300,1,0,-100,False,40:1:7;55:1:7;70:1:7,18;;;





4000,4,6000,5,0,0,True,40:1:5;80:1:5;120:1:5;160:1:5;200:1:5;240:1:5;280:1:5;320:1:5;360:1:5;400:1:5;440:1:5;480:1:5;520:1:5;560:1:5;600:1:5;640:1:5;680:1:5;720:1:5,200:1;208:4:OneUp;;;
4000,4,6000,5,0,0,False,60:1:5;80:1:5;100:1:5;140:1:5;180:1:5;220:1:5;260:1:5;300:1:5;340:1:5;380:1:5;420:1:5;460:1:5;500:1:5;540:1:5;580:1:5;620:1:5;660:1:5;700:1:5,201:1;208;;;

4000,0,40,6,0,0,False,,19:15:;;;
4010,0,40,6,-40,40,False,,19;;;
4020,0,40,6,0,0,False,,19;;;
4030,0,40,6,-40,40,False,,19;;;
4040,0,40,6,0,0,False,,19;;;
4050,0,40,6,-40,40,False,,19;;;
4060,0,40,6,0,-0,False,,19;;;
4070,0,40,6,-40,40,False,,19;;;
4080,0,40,6,0,-0,False,,19;;;
4090,0,40,6,-40,40,False,,19;;;
4100,0,40,6,0,0,False,,19;;;
4110,0,40,6,-40,40,False,,19;;;
4120,0,40,6,0,0,False,,19;;;
4130,0,40,6,-40,40,False,,19;;;
4140,0,40,6,0,0,False,,19;;;

4005,0,40,6,0,0,True,,20:15:;;;
4015,0,40,6,-40,40,True,,20;;;
4025,0,40,6,0,0,True,,20;;;
4035,0,40,6,-40,40,True,,20;;;
4045,0,40,6,0,0,True,,20;;;
4055,0,40,6,-40,40,True,,20;;;
4065,0,40,6,0,-0,True,,20;;;
4075,0,40,6,-40,40,True,,20;;;
4085,0,40,6,0,-0,True,,20;;;
4095,0,40,6,-40,40,True,,20;;;
4105,0,40,6,0,0,True,,20;;;
4115,0,40,6,-40,40,True,,20;;;
4125,0,40,6,0,0,True,,20;;;
4135,0,40,6,-40,40,True,,20;;;
4145,0,40,6,0,0,True,,20;;;





5000,0,40,3,0,0,True,,21:15:;;;
5020,0,40,3,0,40,True,,21;;;
5040,0,40,3,0,0,True,,21;;;
5060,0,40,3,0,40,True,,21;;;
5080,0,40,3,0,0,True,,21;;;
5100,0,40,3,0,40,True,,21;;;
5120,0,40,3,0,-0,True,,21;;;
5140,0,40,3,0,40,True,,21;;;
5160,0,40,3,0,-0,True,,21;;;
5180,0,40,3,0,40,True,,21;;;
5100,0,40,3,0,0,True,,21;;;
5120,0,40,3,0,40,True,,21;;;
5140,0,40,3,0,0,True,,21;;;
5160,0,40,3,0,40,True,,21;;;
5180,0,40,3,0,0,True,,21;;;

5110,0,40,3,0,0,False,,22:15:;;;
5130,0,40,3,0,40,False,,22;;;
5150,0,40,3,0,0,False,,22;;;
5170,0,40,3,0,40,False,,22;;;
5190,0,40,3,0,0,False,,22;;;
5110,0,40,3,0,40,False,,22;;;
5130,0,40,3,0,-0,False,,22;;;
5150,0,40,3,0,40,False,,22;;;
5170,0,40,3,0,-0,False,,22;;;
5190,0,40,3,0,40,False,,22;;;
5110,0,40,3,0,0,False,,22;;;
5130,0,40,3,0,40,False,,22;;;
5150,0,40,3,0,0,False,,22;;;
5170,0,40,3,0,40,False,,22;;;
5190,0,40,3,0,0,False,,22;;;


5300,3,300,7,0,0,False,20:10:10;40:10:10;60:10:10,23:3:;;;
5350,3,300,7,0,0,False,25:10:10;45:10:10;65:10:10,23;;;
5400,3,300,7,0,0,False,30:10:10;50:10:10;70:10:10,23;;;

5325,3,300,7,0,120,True,30:10:10;50:10:10;70:10:10,23:3;;;
5375,3,300,7,0,120,True,25:10:10;45:10:10;65:10:10,24;;;
5425,3,300,7,0,120,True,20:10:10;40:10:10;60:10:10,24;;;


5570,0,40,0,0,0,False,,1:15:;;;
5580,0,40,0,-40,40,False,,1;;;
5590,0,40,0,0,0,False,,1;;;
5600,0,40,0,-40,40,False,,1;;;
5610,0,40,0,0,0,False,,1;;;
5620,0,40,0,-40,40,False,,1;;;
5630,0,40,0,0,-0,False,,1;;;
5640,0,40,0,-40,40,False,,1;;;
5650,0,40,0,0,-0,False,,1;;;
5660,0,40,0,-40,40,False,,1;;;
5670,0,40,0,0,0,False,,1;;;
5680,0,40,0,-40,40,False,,1;;;
5690,0,40,0,0,0,False,,1;;;
5700,0,40,0,-40,40,False,,1;;;
5710,0,40,0,0,0,False,,1;;;

5575,0,40,0,0,0,True,,2:15:;;;
5585,0,40,0,-40,40,True,,2;;;
5595,0,40,0,0,0,True,,2;;;
5605,0,40,0,-40,40,True,,2;;;
5615,0,40,0,0,0,True,,2;;;
5625,0,40,0,-40,40,True,,2;;;
5635,0,40,0,0,-0,True,,2;;;
5645,0,40,0,-40,40,True,,2;;;
5655,0,40,0,0,-0,True,,2;;;
5665,0,40,0,-40,40,True,,2;;;
5675,0,40,0,0,0,True,,2;;;
5685,0,40,0,-40,40,True,,2;;;
5695,0,40,0,0,0,True,,2;;;
5705,0,40,0,-40,40,True,,2;;;
5715,0,40,0,0,0,True,,2;;;

5750,0,40,0,0,0,False,,3:15:;;;
5760,0,40,0,-40,40,False,,3;;;
5770,0,40,0,0,0,False,,3;;;
5780,0,40,0,-40,40,False,,3;;;
5790,0,40,0,0,0,False,,3;;;
5800,0,40,0,-40,40,False,,3;;;
5810,0,40,0,0,-0,False,,3;;;
5820,0,40,0,-40,40,False,,3;;;
5830,0,40,0,0,-0,False,,3;;;
5840,0,40,0,-40,40,False,,3;;;
5850,0,40,0,0,0,False,,3;;;
5860,0,40,0,-40,40,False,,3;;;
5870,0,40,0,0,0,False,,3;;;
5880,0,40,0,-40,40,False,,3;;;
5890,0,40,0,0,0,False,,3;;;

5755,0,40,0,0,0,True,,4:15:;;;
5765,0,40,0,-40,40,True,,4;;;
5775,0,40,0,0,0,True,,4;;;
5785,0,40,0,-40,40,True,,4;;;
5795,0,40,0,0,0,True,,4;;;
5805,0,40,0,-40,40,True,,4;;;
5815,0,40,0,0,-0,True,,4;;;
5825,0,40,0,-40,40,True,,4;;;
5835,0,40,0,0,-0,True,,4;;;
5845,0,40,0,-40,40,True,,4;;;
5855,0,40,0,0,0,True,,4;;;
5865,0,40,0,-40,40,True,,4;;;
5875,0,40,0,0,0,True,,4;;;
5885,0,40,0,-40,40,True,,4;;;
5895,0,40,0,0,0,True,,4;;;







// <-- Trennzeichen für den Code

!!! Wichtiger Hinweis, wenn kein Schuss vorhanden "," nicht vergessen

Allgemeine Info
Erzeugt ein feindliches Element bei erreichtem Frame

Auflistung der bereitstehenden Daten
int Start Frame , int Gegner Typ , int Energy , int Weg Typ , int Weg Korrektur X , int Weg Korrektur y , bool Spiegelung des Weges , Schussdaten (int Wegframe : int Schussart : int Schussgeschwindigleit (pixel pro Frame)) , Gruppen Daten (int Gruppe : int Abschüsse für PowerUp : PowerUp);;;

Info zu den Schussdaten
Mehrere Schussdaten mit ; trennen und Schussdaten wiederholen
Wenn keine Schüsse, Feld leer lassen

Schussarten 
int 1 --> Direkter Schuss --> Erzeugt Schuss in der Klasse <ClassEnemyShotDirect>

Gruppen
Die Abschüsse für PowerUp und die die Art des PowerUps muss nur beim ersten Gegner der Gruppe deklariert werden,
dieser erzeugt einen neuen Eintrag in der Klasse <ClassEnemyGroups>
Ist die Anzahl der erförderlichen Gegner abgeschossen, wird das PowerUp in der Klasse <ClassPowerUps> Eingetragen und erzeugt
Gibt man keine Art des Powerups an, dann wird zufällig eines erzeugt.
Stehen bei weiteren Gegner, der Gruppe, andere PowerUps, so wird der Eintrag in der Klasse <ClassEnemyGroups> gewechselt.
Durch ein ; getrennt kann ein Gegner in mehreren Gruppen sein.