200,0,200,100,15,0;  200,100,180,360,15,-1;  180,360,160,380,30,-1;  160,380,180,400,30,1;  180,400,160,420,30,-1;  160,420,140,420,30,-1;  140,420,-50,300,30,-1;;;
-50,150,200,200,40,1;  200,200,200,250,10,0;  200,250,50,275,25,-1;  50,275,50,325,10,0;  50,325,200,375,25,1;  200,375,200,425,10,0;  200,425,-50,475,40,-1;;;
180,0,160,300,25,-1;  160,300,140,200,80,-1;  140,200,120,0,20,-1;;;
240,0,240,400,30,0;  240,400,240,150,400,0;  240,150,240,850,100,0;;;



//  <-- Trennzeichen für den Code

Weg der Gegner
x_start, y_start, x_end, y_end, Frames, ModelArt [-1 = left] [0 = normal] [1 = right]

Es wird immer der komplette Weg in ein Listenelement geladen und dann komplett abgefragt