BossTextures=4;;;
BossSounds=1;;;
BossHitbox=190,68;;;
BossEnergie=40000;;;
BossTime=99;;;
BossIncoming=240;;;
BossWeaponPoints=-42,29;  42,29;  -76,40;  76,40;;;
BossWayPoints=240,200,240,200,50,2;  240,200,360,240,60,2;  360,240,240,280,60,2;  240,280,120,240,60,2;  120,240,240,200,60,2;  240,200,240,200,30,2;         240,200,240,200,50,1;  240,200,360,275,60,1;  360,275,240,350,60,1;  240,350,120,275,60,1;  120,275,240,200,60,1;  240,200,240,200,30,1;          240,200,240,200,50,2;  240,200,120,240,60,2;  120,240,240,280,60,2;  240,280,360,240,60,2;  360,240,240,200,60,2;  240,200,240,200,30,2;          240,200,240,200,50,1;  240,200,120,275,60,1;  120,275,240,350,60,1;  240,350,360,275,60,1;  360,275,240,200,60,1;  240,200,240,200,30,1;;;
BossShotPoints=30,1,3,0;  30,1,3,1;  40,1,3,0;  40,1,3,1;  50,1,3,0;  50,1,3,1;  60,1,3,0;  60,1,3,1;  70,1,4,0;  70,1,4,1;  80,1,4,0;  80,1,4,1;  90,1,4,0;  90,1,4,1;  100,1,4,0;  100,1,4,1;  110,1,5,0;  110,1,5,1;  120,1,5,0;  120,1,5,1;  130,1,5,0;  130,1,5,1;  140,1,5,0;  140,1,5,1;  150,1,6,0;  150,1,6,1;  160,1,6,0;  160,1,6,1;  170,1,6,0;  170,1,6,1;  180,1,6,0;  180,1,6,1;  190,1,7,0;  190,1,7,1;  200,1,7,0;  200,1,7,1;  210,1,7,0;  210,1,7,1;  220,1,7,0;  220,1,7,1;  230,1,7,0;  230,1,7,1;  240,1,7,0;  240,1,7,1;  250,1,7,0;  250,1,7,1;  260,1,7,0;  260,1,7,1;  270,1,7,0;  270,1,7,1;          340,2,3,2;  340,2,3,3;  350,2,3,2;  350,2,3,3;  360,2,3,2;  360,2,3,3;  370,2,3,2;  370,2,3,3;  380,2,3,2;  380,2,3,3;  390,2,3,2;  390,2,3,3;  400,2,4,2;  400,2,4,3;  410,2,4,2;  410,2,4,3;  420,2,4,2;  420,2,4,3;  430,2,4,2;  430,2,4,3;  440,2,4,2;  440,2,4,3;  450,2,4,2;  450,2,4,3;  460,2,5,2;  460,2,5,3;  470,2,5,2;  470,2,5,3;  480,2,5,2;  480,2,5,3;  490,2,5,2;  490,2,5,3;  500,2,5,2;  500,2,5,3;  510,2,5,2;  510,2,5,3;  520,2,6,2;  520,2,6,3;  530,2,6,2;  530,2,6,3;  540,2,6,2;  540,2,6,3;  550,2,6,2;  550,2,6,3;  560,2,6,2;  560,2,6,3;  570,2,6,2;  570,2,6,3;  580,2,7,2;  580,2,7,3;  590,2,7,2;  590,2,7,3;  600,2,7,2;  600,2,7,3;  610,2,7,2;  610,2,7,3;  620,2,7,2;  620,2,7,3;          670,1,3,0;  670,1,3,1;  680,1,3,0;  680,1,3,1;  690,1,3,0;  690,1,3,1;  700,1,3,0;  700,1,3,1;  710,1,3,0;  710,1,3,1;  720,1,4,0;  720,1,4,1;  730,1,4,0;  730,1,4,1;  740,1,4,0;  740,1,4,1;  750,1,4,0;  750,1,4,1;  760,1,4,0;  760,1,4,1;  770,1,5,0;  770,1,5,1;  780,1,5,0;  780,1,5,1;  790,1,5,0;  790,1,5,1;  800,1,5,0;  800,1,5,1;  810,1,5,0;  810,1,5,1;  820,1,6,0;  820,1,6,1;  830,1,6,0;  830,1,6,1;  840,1,6,0;  840,1,6,1;  850,1,6,0;  850,1,6,1;  860,1,6,0;  860,1,6,1;  870,1,7,0;  870,1,7,1;  880,1,7,0;  880,1,7,1;  890,1,7,0;  890,1,7,1;  900,1,7,0;  900,1,7,1;  910,1,7,0;  910,1,7,1;          980,2,3,2;  980,2,3,3;  990,2,3,2;  990,2,3,3;  1000,2,3,2;  1000,2,3,3;  1010,2,3,2;  1010,2,3,3;  1020,2,3,2;  1020,2,3,3;  1030,2,4,2;  1030,2,4,3;  1040,2,4,2;  1040,2,4,3;  1050,2,4,2;  1050,2,4,3;  1060,2,4,2;  1060,2,4,3;  1070,2,4,2;  1070,2,4,3;  1080,2,5,2;  1080,2,5,3;  1090,2,5,2;  1090,2,5,3;  1100,2,5,2;  1100,2,5,3;  1110,2,5,2;  1110,2,5,3;  1120,2,5,2;  1120,2,5,3;  1130,2,6,2;  1130,2,6,3;  1140,2,6,2;  1140,2,6,3;  1150,2,6,2;  1150,2,6,3;  1160,2,6,2;  1160,2,6,3;  1170,2,6,2;  1170,2,6,3;  1180,2,7,2;  1180,2,7,3;  1190,2,7,2;  1190,2,7,3;  1200,2,7,2;  1200,2,7,3;  1210,2,7,2;  1210,2,7,3;  1220,2,7,2;  1220,2,7,3;  1230,2,7,2;  1230,2,7,3;  1240,2,7,2;  1240,2,7,3;  1250,2,7,2;  1250,2,7,3;  1260,2,7,2;  1260,2,7,3;;;
BossSoundPoints=1,0;  310,0;  630,0;  940,0;;;





// <-- Trennzeichen für den Code

Daten zum Ablauf des Endbosses
BossTextures = Anzahl der vorhandenen Texturen
BossSounds = Anzahhl der Vorhandenen Sounds
BossHitbox = Hitbox Widht, Hitbox height
BossIncoming = x Koordinaten, in der der Boss, zum Start, ins Bild fliegt
BossEnergie = Energie des Endbosses
BossWeaponPoints = Punkte an dem der Boss seine Waffen hat. Relativ zur Mitte des Bosses (y,x;x:y usw) Die Punkte werden der Reihe nach katalogisiert
BossWayPoints = Wegpunkte des Loops, die der Boss abläuft (x1, y1, x2, y2, Frames, angezeigte Textur)
BossShotPoints = Punkte an der der Boss schiesst (Frame, Schusstyp, Geschwindigkeit, WeaponPoint)
BossSoundPoints = Gibt an bei welchem Frame, welcher Sound ausgegeben wird (Frame, Sound)