BossTextures=4;;;
BossSounds=1;;;
BossHitbox=130,90;;;
BossEnergie=35000;;;
BossTime=99;;;
BossIncoming=240;;;
BossWeaponPoints=-50,20;  50,20;  -58,15;  58,15;  0,15;;;
BossWayPoints=240,200,50,300,30,3;  50,300,50,300,30,0;  50,300,430,300,60,2;  430,300,50,300,50,3;  50,300,430,300,40,2;  430,300,50,300,30,3;  50,300,430,300,20,2;  430,300,430,300,80,0;          430,300,40,300,60,3;  40,300,440,300,50,2;  440,300,40,300,40,3;  40,300,440,300,30,2;  440,300,60,300,20,3;  60,300,60,300,80,0;          60,300,420,200,60,2;  420,200,60,200,50,3;  60,200,420,300,40,2;  420,300,60,300,30,3;  60,300,420,300,20,2;  420,300,420,300,80,0;          420,300,50,300,60,3;  50,300,430,300,50,2;  430,300,50,300,40,3;  50,300,430,300,30,2;  430,300,50,300,20,3;  50,300,50,300,80,0;        50,300,440,300,60,2;  440,300,40,300,50,3;  40,300,440,300,40,2;  440,300,40,300,30,3;  40,300,420,300,20,2;  420,300,420,300,80,0;          420,300,60,200,60,3;  60,200,420,200,50,2;  420,200,60,300,40,3;  60,300,420,300,30,2;  420,300,240,200,10,3;  240,200,240,200,50,0;;;			
BossShotPoints=30,11,8,0;  40,11,8,1;  50,11,8,0;  60,11,8,1;  70,11,8,0;  80,11,8,1;  90,11,8,0;  100,11,8,1;  110,11,8,0;  120,11,8,1;  128,11,8,0;  136,11,8,1;  144,11,8,0;  152,11,8,1;  160,11,8,0;  168,11,8,1;  174,11,8,0;  180,11,8,1;  186,11,8,0;  192,11,8,1;  198,11,8,0;  204,11,8,1;  210,11,8,0;  214,11,8,1;  218,11,8,0;  222,11,8,1;  226,11,8,0;  230,11,8,1;  234,11,8,0;  238,11,8,1;  240,11,8,0;  242,11,8,1;  244,11,8,0;  246,11,8,1;  248,11,8,0;  250,11,8,1;  252,11,8,0;  254,11,8,1;  256,11,8,0;  258,11,8,1;  260,11,8,0;          310,12,10,4;  326,12,10,4;  342,12,10,4;  358,12,10,4;  374,12,11,4;  390,12,11,4;  403,12,11,4;  416,12,11,4;  429,12,12,4;  442,12,12,4;  452,12,12,4;  462,12,12,4;  472,12,13,4;  482,12,13,4;  492,12,13,4;  499,12,13,4;  506,12,14,4;  513,12,14,4;  520,12,14,4;  524,12,14,4;  528,12,15,4;  532,12,15,4;  536,12,15,4;  540,12,15,4;          590,12,14,2;  612,12,14,3;  624,12,14,2;  636,12,14,3;  648,12,14,2;  660,12,14,3;  672,12,14,2;  682,12,14,3;  692,12,14,2;  702,12,14,3;  712,12,14,2;  722,12,14,3;  730,12,14,2;  738,12,14,3;  746,12,14,2;  754,12,14,3;  762,12,14,2;  770,12,14,3;  776,12,14,2;  782,12,14,3;  788,12,14,2;  794,12,14,3;  800,12,14,2;  804,12,14,3;  808,12,14,2;  812,12,14,3;  816,12,14,2;  820,12,14,3;          870,11,6,1;  880,11,6,0;  890,11,6,1;  900,11,6,0;  910,11,7,1;  920,11,7,0;  930,11,7,1;  940,11,7,0;  950,11,8,1;  960,11,8,0;  968,11,8,1;  976,11,8,0;  984,11,9,1;  992,11,9,0;  1000,11,9,1;  1008,11,9,0;  1014,11,10,1;  1020,11,10,0;  1026,11,10,1;  1032,11,10,0;  1038,11,11,1;  1044,11,11,0;  1050,11,11,1;  1054,11,11,0;  1058,11,12,1;  1062,11,12,0;  1066,11,12,1;  1070,11,12,0;  1074,11,13,1;  1078,11,13,0;  1080,11,13,1;  1082,11,13,0;  1084,11,14,1;  1086,11,14,0;  1088,11,14,1;  1090,11,14,0;  1092,11,15,1;  1094,11,15,0;  1096,11,15,1;  1098,11,15,0;  1100,11,16,1;          1150,12,12,4;  1166,12,12,4;  1182,12,12,4;  1198,12,12,4;  1214,12,12,4;  1230,12,12,4;  1243,12,12,4;  1256,12,12,4;  1269,12,12,4;  1282,12,12,4;  1292,12,12,4;  1302,12,12,4;  1312,12,12,4;  1322,12,12,4;  1332,12,12,4;  1339,12,12,4;  1346,12,12,4;  1353,12,12,4;  1360,12,12,4;  1364,12,12,4;  1368,12,12,4;  1372,12,12,4;  1376,12,12,4;  1380,12,12,4;           1430,12,10,2;  1442,12,10,3;  1454,12,10,2;  1466,12,10,3;  1478,12,10,2;  1490,12,10,3;  1502,12,10,2;  1514,12,10,3;   1524,12,10,2;  1534,12,10,3;  1544,12,10,2;  1554,12,10,3;  1564,12,10,2;  1572,12,10,3;  1580,12,10,2;  1588,12,10,3;  1596,12,10,2;  1604,12,10,3;  1610,12,10,2;  1616,12,10,3;  1622,12,10,2;  1628,12,10,3;  1634,12,10,2;  1640,12,10,3;  1644,12,10,2;  1648,12,10,3;  1652,12,10,2;  1656,12,10,3;  1660,12,10,2;  1666,12,10,3;  1672,12,10,2;  1680,12,10,3;  1688,12,10,2;  1698,12,10,3;  1708,12,10,2;;;
BossSoundPoints=60,0;  120,0;  170,0;  210,0;  240,0;  340,0;  400,0;  450,0;  490,0;  520,0;  680,0;  730,0;  770,0;  800,0;  960,0;  1010,0;  1050,0;  1080,0;  1240,0;  1290,0;  1330,0;  1360,0;  1520,0;  1570,0;  1610,0;  1640,0;;;





// <-- Trennzeichen für den Code

Daten zum Ablauf des Endbosses
BossTextures = Anzahl der vorhandenen Texturen
BossSounds = Anzahhl der Vorhandenen Sounds
BossHitbox = Hitbox Widht, Hitbox height
BossIncoming = x Koordinaten, in der der Boss, zum Start, ins Bild fliegt
BossEnergie = Energie des Endbosses
BossWeaponPoints = Punkte an dem der Boss seine Waffen hat. Relativ zur Mitte des Bosses (y,x;x:y usw) Die Punkte werden der Reihe nach katalogisiert
BossWayPoints = Wegpunkte des Loops, die der Boss abläuft (x1, y1, x2, y2, Frames, angezeigte Textur)
BossShotPoints = Punkte an der der Boss schiesst (Frame, Schusstyp, Geschwindigkeit, WeaponPoint)
BossSoundPoints = Gibt an bei welchem Frame, welcher Sound ausgegeben wird (Frame, Sound)