BossTextures=4;;;
BossSounds=1;;;
BossHitbox=130,90;;;
BossEnergie=25000;;;
BossTime=99;;;
BossIncoming=240;;;
BossWeaponPoints=-50,20;  50,20;  -58,15;  58,15;  0,15;;;
BossWayPoints=240,200,50,300,30,3;  50,300,50,300,30,0;  50,300,430,300,60,2;  430,300,50,300,50,3;  50,300,430,300,40,2;  430,300,50,300,30,3;  50,300,430,300,20,2;  430,300,430,300,80,0;          430,300,40,300,60,3;  40,300,440,300,50,2;  440,300,40,300,40,3;  40,300,440,300,30,2;  440,300,60,300,20,3;  60,300,60,300,80,0;          60,300,420,200,60,2;  420,200,60,200,50,3;  60,200,420,300,40,2;  420,300,60,300,30,3;  60,300,420,300,20,2;  420,300,420,300,80,0;          420,300,50,300,60,3;  50,300,430,300,50,2;  430,300,50,300,40,3;  50,300,430,300,30,2;  430,300,50,300,20,3;  50,300,50,300,80,0;        50,300,440,300,60,2;  440,300,40,300,50,3;  40,300,440,300,40,2;  440,300,40,300,30,3;  40,300,420,300,20,2;  420,300,420,300,80,0;          420,300,60,200,60,3;  60,200,420,200,50,2;  420,200,60,300,40,3;  60,300,420,300,30,2;  420,300,240,200,10,3;  240,200,240,200,50,0;;;			
BossShotPoints=30,10,6,0;  40,10,6,1;  50,10,6,0;  60,10,6,1;  70,10,6,0;  80,10,6,1;  90,10,6,0;  100,10,6,1;  110,10,6,0;  120,10,6,1;  128,10,6,0;  136,10,6,1;  144,10,6,0;  152,10,6,1;  160,10,6,0;  168,10,6,1;  174,10,6,0;  180,10,6,1;  186,10,6,0;  192,10,6,1;  198,10,6,0;  204,10,6,1;  210,10,6,0;  214,10,6,1;  218,10,6,0;  222,10,6,1;  226,10,6,0;  230,10,6,1;  234,10,6,0;  238,10,6,1;  240,10,6,0;  242,10,6,1;  244,10,6,0;  246,10,6,1;  248,10,6,0;  250,10,6,1;  252,10,6,0;  254,10,6,1;  256,10,6,0;  258,10,6,1;  260,10,6,0;          310,12,12,4;  326,12,12,4;  342,12,12,4;  358,12,12,4;  374,12,12,4;  390,12,12,4;  403,12,12,4;  416,12,12,4;  429,12,12,4;  442,12,12,4;  452,12,12,4;  462,12,12,4;  472,12,12,4;  482,12,12,4;  492,12,12,4;  499,12,12,4;  506,12,12,4;  513,12,12,4;  520,12,12,4;  524,12,12,4;  528,12,12,4;  532,12,12,4;  536,12,12,4;  540,12,12,4;          590,11,9,2;  612,11,9,3;  624,11,9,2;  636,11,9,3;  648,11,9,2;  660,11,9,3;  672,11,9,2;  682,11,9,3;  692,11,9,2;  702,11,9,3;  712,11,9,2;  722,11,9,3;  730,11,9,2;  738,11,9,3;  746,11,9,2;  754,11,9,3;  762,11,9,2;  770,11,9,3;  776,11,9,2;  782,11,9,3;  788,11,9,2;  794,11,9,3;  800,11,9,2;  804,11,9,3;  808,11,9,2;  812,11,9,3;  816,11,9,2;  820,11,9,3;          870,10,6,1;  880,10,6,0;  890,10,6,1;  900,10,6,0;  910,10,6,1;  920,10,6,0;  930,10,6,1;  940,10,6,0;  950,10,6,1;  960,10,6,0;  968,10,6,1;  976,10,6,0;  984,10,6,1;  992,10,6,0;  1000,10,6,1;  1008,10,6,0;  1014,10,6,1;  1020,10,6,0;  1026,10,6,1;  1032,10,6,0;  1038,10,6,1;  1044,10,6,0;  1050,10,6,1;  1054,10,6,0;  1058,10,6,1;  1062,10,6,0;  1066,10,6,1;  1070,10,6,0;  1074,10,6,1;  1078,10,6,0;  1080,10,6,1;  1082,10,6,0;  1084,10,6,1;  1086,10,6,0;  1088,10,6,1;  1090,10,6,0;  1092,10,6,1;  1094,10,6,0;  1096,10,6,1;  1098,10,6,0;  1100,10,6,1;          1150,12,12,4;  1166,12,12,4;  1182,12,12,4;  1198,12,12,4;  1214,12,12,4;  1230,12,12,4;  1243,12,12,4;  1256,12,12,4;  1269,12,12,4;  1282,12,12,4;  1292,12,12,4;  1302,12,12,4;  1312,12,12,4;  1322,12,12,4;  1332,12,12,4;  1339,12,12,4;  1346,12,12,4;  1353,12,12,4;  1360,12,12,4;  1364,12,12,4;  1368,12,12,4;  1372,12,12,4;  1376,12,12,4;  1380,12,12,4;           1430,11,9,2;  1442,11,9,3;  1454,11,9,2;  1466,11,9,3;  1478,11,9,2;  1490,11,9,3;  1502,11,9,2;  1514,11,9,3;   1524,11,9,2;  1534,11,9,3;  1544,11,9,2;  1554,11,9,3;  1564,11,9,2;  1572,11,9,3;  1580,11,9,2;  1588,11,9,3;  1596,11,9,2;  1604,11,9,3;  1610,11,9,2;  1616,11,9,3;  1622,11,9,2;  1628,11,9,3;  1634,11,9,2;  1640,11,9,3;  1644,11,9,2;  1648,11,9,3;  1652,11,9,2;  1656,11,9,3;  1660,11,9,2;  1666,11,9,3;  1672,11,9,2;  1680,11,9,3;  1688,11,9,2;  1698,11,9,3;  1708,11,9,2;;;
BossSoundPoints=60,0;  120,0;  170,0;  210,0;  240,0;  340,0;  400,0;  450,0;  490,0;  520,0;  680,0;  730,0;  770,0;  800,0;  960,0;  1010,0;  1050,0;  1080,0;  1240,0;  1290,0;  1330,0;  1360,0;  1520,0;  1570,0;  1610,0;  1640,0;;;





// <-- Trennzeichen für den Code

Daten zum Ablauf des Endbosses
BossTextures = Anzahl der vorhandenen Texturen
BossSounds = Anzahhl der Vorhandenen Sounds
BossHitbox = Hitbox Widht, Hitbox height
BossIncoming = x Koordinaten, in der der Boss, zum Start, ins Bild fliegt
BossEnergie = Energie des Endbosses
BossWeaponPoints = Punkte an dem der Boss seine Waffen hat. Relativ zur Mitte des Bosses (y,x;x:y usw) Die Punkte werden der Reihe nach katalogisiert
BossWayPoints = Wegpunkte des Loops, die der Boss abläuft (x1, y1, x2, y2, Frames, angezeigte Textur)
BossShotPoints = Punkte an der der Boss schiesst (Frame, Schusstyp, Geschwindigkeit, WeaponPoint)
BossSoundPoints = Gibt an bei welchem Frame, welcher Sound ausgegeben wird (Frame, Sound)