BossTextures=4;;;
BossSounds=1;;;
BossHitbox=190,68;;;
BossEnergie=40000;;;
BossTime=99;;;
BossIncoming=240;;;
BossWeaponPoints=-42,29;  42,29;  -76,40;  76,40;;;
BossWayPoints=240,200,240,200,10,2;  240,200,240,200,10,1;  240,200,240,200,45,3;     240,200,120,220,60,3;  120,220,240,240,60,3;  240,240,360,220,60,3;  360,220,240,200,60,3;          240,200,240,200,80,0;          240,200,360,400,60,3;  360,400,240,240,60,3;  240,240,120,400,60,3;  120,400,240,200,60,3; 240,200,240,200,30,0;          240,200,50,300,50,1;  50,300,430,300,50,3;  430,300,50,300,50,3;  50,300,430,300,50,3;  430,300,240,200,50,0;          240,200,240,200,20,1;  240,200,240,200,25,2;  240,200,430,200,50,3;  430,200,240,400,60,3;  240,400,50,200,60,3;  50,200,240,200,50,3;;; 
BossShotPoints=30,2,6,0;30,2,6,1;  35,2,6,0;35,2,6,1;  40,2,6,2;40,2,6,3;  45,2,6,0;45,2,6,1;  50,2,6,0;50,2,6,1;  55,2,6,0;55,2,6,1;  60,2,6,2;60,2,6,3;  65,2,6,0;65,2,6,1;  70,2,6,0;70,2,6,1;  75,2,6,0;75,2,6,1;  80,2,6,2;80,2,6,3;  85,2,6,0;85,2,6,1;  90,2,6,0;90,2,6,1;  95,2,6,0;95,2,6,1;  100,2,6,2;100,2,6,3;  105,2,6,0;105,2,6,1;  110,2,6,0;110,2,6,1;  115,2,6,0;115,2,6,1;  120,2,6,2;120,2,6,3;  125,2,6,0;125,2,6,1;  130,2,6,0;130,2,6,1;  135,2,6,0;135,2,6,1;  140,2,6,2;140,2,6,3;  145,2,6,0;145,2,6,1;  150,2,6,0;150,2,6,1;  155,2,6,0;155,2,6,1;  160,2,6,2;160,2,6,3;  165,2,6,0;165,2,6,1;  170,2,6,0;170,2,6,1;  175,2,6,0;175,2,6,1;  180,2,6,2;180,2,6,3;  185,2,6,0;185,2,6,1;  190,2,6,0;190,2,6,1;  195,2,6,0;195,2,6,1;  200,2,6,2;200,2,6,3;  205,2,6,0;205,2,6,1;  210,2,6,0;210,2,6,1;  215,2,6,0;215,2,6,1;  220,2,6,2;220,2,6,3;  225,2,6,0;225,2,6,1;  230,2,6,0;230,2,6,1;  235,2,6,0;235,2,6,1;  240,2,6,2;240,2,6,3;  245,2,6,0;245,2,6,1;  250,2,6,0;250,2,6,1;  255,2,6,0;255,2,6,1;  260,2,6,2;260,2,6,3;  265,2,6,0;265,2,6,1;  270,2,6,0;270,2,6,1;  275,2,6,0;275,2,6,1;          340,3,7,0;  345,3,7,1;  350,1,7,2;  355,1,7,3;  360,3,5,2;  365,3,5,1;  370,1,5,0;  375,1,5,1;  380,3,7,2;  385,3,7,3;  390,1,7,2;  395,1,7,1;  400,3,5,0;  405,3,5,1;  410,1,5,2;  415,1,5,3;  420,3,7,2;  425,3,7,1;  430,1,7,0;  435,1,7,1;  440,3,5,2;  445,3,5,3;  450,1,5,2;  455,1,5,1;  460,3,7,0;  465,3,7,1;  470,1,7,2;  475,1,7,3;  480,3,5,2;  485,3,5,1;  490,1,5,0;  495,1,5,1;  500,3,7,2;  505,3,7,3;  510,1,7,2;  515,1,7,1;  520,3,5,0;  525,3,5,1;  530,1,5,2;  535,1,5,3;  540,3,7,2;  545,3,7,1;  550,1,7,0;  555,1,7,1;  560,3,5,2;  565,3,5,3;  570,1,5,2;  575,1,5,1;  580,3,7,0;  585,3,7,1;  590,1,7,2;  595,1,7,3;  600,3,5,2;  605,3,5,1;  610,1,5,0;  615,1,5,1;  620,3,7,2;  625,3,7,3;          710,2,5,0;715,2,5,1;  720,2,5,2;725,2,5,3;  730,2,5,0;735,2,5,1;  740,2,5,2;745,2,5,3;  750,2,5,0;755,2,5,1;  760,2,5,2;765,2,5,3;  770,2,5,0;775,2,5,1;  780,2,5,2;785,2,5,3;  790,2,5,0;795,2,5,1;  800,2,5,2;805,2,5,3;  810,2,5,0;815,2,5,1;  820,2,5,2;825,2,5,3;  830,2,5,0;835,2,5,1;          950,1,4,0;  955,1,5,1;  960,3,6,2;  965,3,7,3;  970,1,4,2;  975,1,5,1;  980,3,6,0;  985,3,7,1;  990,1,4,2;  995,1,5,3;  1000,3,6,2;  1005,3,7,1;  1010,1,4,0;  1015,1,5,1;  1020,3,6,2;  1025,3,7,3;  1030,1,4,2;  1035,1,5,1;  1040,3,6,0;  1045,3,7,1;  1050,1,4,2;  1055,1,5,3;  1060,3,6,2;  1065,3,7,1;  1070,1,4,0;  1075,1,5,1;  1080,3,6,2;  1085,3,7,3;  1090,1,4,2;  1095,1,5,1;  1100,3,6,0;  1105,3,7,1;  1110,1,4,2;  1115,1,5,3;  1120,3,6,2;  1125,3,7,1;  1130,1,4,0;  1135,1,5,1;  1140,3,6,2;  1145,3,7,3;  1150,1,4,2;  1155,1,5,1;  1160,3,6,0;  1165,3,7,1;;;
BossSoundPoints=1,0; 11,0; 21,0; 306,0;  386,0;  625,0;  655,0;  705,0;  855,0;  905,0;  925,0;  950,0;;;;





// <-- Trennzeichen für den Code

Daten zum Ablauf des Endbosses
BossTextures = Anzahl der vorhandenen Texturen
BossSounds = Anzahhl der Vorhandenen Sounds
BossHitbox = Hitbox Widht, Hitbox height
BossIncoming = x Koordinaten, in der der Boss, zum Start, ins Bild fliegt
BossEnergie = Energie des Endbosses
BossWeaponPoints = Punkte an dem der Boss seine Waffen hat. Relativ zur Mitte des Bosses (y,x;x:y usw) Die Punkte werden der Reihe nach katalogisiert
BossWayPoints = Wegpunkte des Loops, die der Boss abläuft (x1, y1, x2, y2, Frames, angezeigte Textur)
BossShotPoints = Punkte an der der Boss schiesst (Frame, Schusstyp, Geschwindigkeit, WeaponPoint)
BossSoundPoints = Gibt an bei welchem Frame, welcher Sound ausgegeben wird (Frame, Sound)