BossTextures=4;;;
BossSounds=1;;;
BossHitbox=180,80;;;
BossEnergie=40000;;;
BossTime=149;;;
BossIncoming=240;;;
BossWeaponPoints=-42,50; 42,50;;;
BossWayPoints=240,200,240,250,50,0;  240,250,240,270,20,1;  240,270,340,200,20,2;  340,200,440,300,20,2;  440,300,340,400,20,3;  340,400,140,200,40,3;  140,200,40,300,20,3;  40,300,140,400,20,2;  140,400,340,200,40,2;  340,200,440,300,20,2;  440,300,340,400,20,3;  340,400,140,200,40,3;  140,200,40,300,20,3;  40,300,140,400,20,2;  140,400,240,200,20,2;          240,200,240,250,50,0;  240,250,240,270,20,1;  240,270,140,200,20,3;  140,200,40,300,20,3;  40,300,140,400,20,2;  140,400,340,200,40,2;  340,200,440,300,20,2;  440,300,340,400,20,3;  340,400,140,200,40,3;  140,200,40,300,20,3;  40,300,140,400,20,2;  140,400,340,200,40,2;  340,200,440,300,20,2;  440,300,340,400,20,3;  340,400,240,200,20,3;          240,200,240,250,50,0;  240,250,240,270,20,1;  240,270,340,400,20,2;  340,400,440,300,20,2;  440,300,340,200,20,3;  340,200,140,400,40,3;  140,400,40,300,20,3;  40,300,140,200,20,2;  140,200,340,400,40,2;  340,400,440,300,20,2;  440,300,340,200,20,3;  340,200,140,400,40,3;  140,400,40,300,20,3;  40,300,140,200,20,2;  140,200,240,200,20,2;          240,200,240,250,50,0;  240,250,240,270,20,1;  240,270,140,400,20,3;  140,400,40,300,20,3;  40,300,140,200,20,2;  140,200,340,400,40,2;  340,400,440,300,20,2;  440,300,340,200,20,3;  340,200,140,400,40,3;  140,400,40,300,20,3;  40,300,140,200,20,2;  140,200,340,400,40,2;  340,400,440,300,20,2;  440,300,340,200,20,3;  340,200,240,200,20,3;;;
BossShotPoints=50,1,3,0;50,1,3,1;  60,1,5,0;60,1,5,1;  70,1,7,0;70,1,7,1;  80,1,3,0;80,1,3,1;  90,1,5,0;90,1,5,1;  100,1,7,0;100,1,7,1;  110,1,3,0;110,1,3,1;  120,1,5,0;120,1,5,1;  130,1,7,0;130,1,7,1;  140,1,3,0;140,1,3,1;  150,1,5,0;150,1,5,1;  160,1,7,0;160,1,7,1;  170,1,3,0;170,1,3,1;  180,1,5,0;180,1,5,1;  190,1,5,0;190,1,7,1;  170,1,5,0;170,1,7,1;  180,1,3,0;180,1,3,1;  190,1,5,0;190,1,5,1;  200,1,7,0;200,1,7,1;  210,1,3,0;210,1,3,1;  220,1,5,0;220,1,5,1;  230,1,5,0;230,1,5,1;  240,1,7,0;240,1,7,1;  250,1,3,0;250,1,3,1;  260,1,5,0;260,1,5,1;  270,1,7,0;270,1,7,1;  280,1,3,0;280,1,3,1;  290,1,5,0;290,1,5,1;  300,1,7,0;300,1,7,1;  310,1,3,0;310,1,3,1;  320,1,5,0;320,1,5,1;  330,1,7,0;330,1,7,1;  340,1,3,0;340,1,3,1;  350,1,5,0;350,1,5,1;  360,1,7,0;360,1,7,1;  370,1,3,0;370,1,3,1;  380,1,5,0;380,1,5,1;         440,2,3,0;  440,2,3,1;  450,2,5,0;  450,2,5,1;  460,2,7,0; 460,2,7,1;  470,2,3,0;  470,2,3,1;  480,2,5,0;  480,2,5,1;  490,2,7,0;  490,2,7,1;  500,2,3,0;  500,2,3,1;  510,2,5,0;  510,2,5,1;  520,2,7,0;  520,2,7,1;  530,2,3,0;  530,2,3,1;  540,2,5,0;  540,2,5,1;  550,2,7,0;  550,2,7,1;  560,2,3,0;  560,2,3,1;  570,2,5,0;  570,2,5,1;  580,2,7,0;  580,2,7,1;  590,2,3,0;  590,2,3,1;  600,2,5,0;  600,2,5,1;  610,2,7,0;  610,2,7,1;  620,2,3,0;  620,2,3,1;  630,2,5,0;  630,2,5,1;  640,2,7,0;  640,2,7,1;  650,2,3,0;  650,2,3,1;  660,2,5,0;  660,2,5,1;  670,2,7,0;  670,2,7,1;  680,2,3,0;  680,2,3,1;  690,2,5,0;  690,2,5,1;  700,2,7,0;  700,2,7,1;  710,2,3,0;  710,2,3,1;  720,2,5,0;  720,2,5,1;  730,2,7,0;  730,2,7,1;  740,2,3,0;  740,2,3,1;  750,2,5,0;  750,2,5,1;  760,2,7,0;  760,2,7,0;  770,2,3,0;  770,2,3,1;          830,1,3,0;830,1,3,1;  840,1,5,0;840,1,5,1;  850,1,7,0;850,1,7,1;  860,1,3,0;860,1,3,1;  870,1,5,0;870,1,5,1;  880,1,7,0;880,1,7,1;  890,1,3,0;890,1,3,1;  900,1,5,0;900,1,5,1;  910,1,7,0;910,1,7,1;  920,1,3,0;920,1,3,1;  930,1,5,0;930,1,5,1;  940,1,7,0;940,1,7,1;  950,1,3,0;950,1,3,1;  960,1,5,0;960,1,5,1;  970,1,7,0;970,1,7,1;  980,1,3,0;980,1,3,1;  990,1,5,0;990,1,5,1;  1000,1,7,0;1000,1,7,1;  1010,1,3,0;1010,1,3,1;  1020,1,5,0;1020,1,5,1;  1030,1,7,0;1030,1,7,1;  1040,1,3,0;1040,1,3,1;  1050,1,5,0;1050,1,5,1;  1060,1,7,0;1060,1,7,1;  1070,1,3,0;1070,1,3,1;  1080,1,5,0;1080,1,5,1;  1090,1,7,0;1090,1,7,1;  1100,1,3,0;1100,1,3,1;  1110,1,5,0;1110,1,5,1;  1120,1,7,0;1120,1,7,1;  1130,1,3,0;1130,1,3,1;  1140,1,5,0;1140,1,5,1;  1150,1,7,0;1150,1,7,1;  1160,1,3,0;1160,1,3,1;          1220,2,3,0;  1220,2,3,1;  1230,2,5,0;  1230,2,5,1;  1240,2,7,0; 1240,2,7,1;  1250,2,3,0;  1250,2,3,1;  1260,2,5,0;  1260,2,5,1;  1270,2,7,0;  1270,2,7,1;  1280,2,3,0;  1280,2,3,1;  1290,2,5,0;  1290,2,5,1;  1300,2,7,0;  1300,2,7,1;  1310,2,3,0;  1310,2,3,1;  1320,2,5,0;  1320,2,5,1;  1330,2,7,0;  1330,2,7,1;  1340,2,3,0;  1340,2,3,1;  1350,2,5,0;  1350,2,5,1;  1360,2,7,0;  1360,2,7,1;  1370,2,3,0;  1370,2,3,1;  1380,2,5,0;  1380,2,5,1;  1390,2,7,0;  1390,2,7,1;  1400,2,3,0;  1400,2,3,1;  1410,2,5,0;  1410,2,5,1;  1420,2,7,0;  1420,2,7,1;  1430,2,3,0;  1430,2,3,1;  1440,2,5,0;  1440,2,5,1;  1450,2,7,0;  1450,2,7,1;  1460,2,3,0;  1460,2,3,1;  1470,2,5,0;  1470,2,5,1;  1480,2,7,0;  1480,2,7,1;  1490,2,3,0;  1490,2,3,1;  1500,2,5,0;  1500,2,5,1;  1510,2,7,0;  1510,2,7,1;  1520,2,3,0;  1520,2,3,1;  1530,2,5,0;  1530,2,5,1;  1540,2,7,0;  1540,2,7,0;  1550,2,3,0;  1550,2,3,1;;;
BossSoundPoints=70,0;  90,0;  110,0;  130,0;  170,0;  190,0;  210,0;  250,0;  270,0;  290,0;  330,0;  350,0;  370,0;          460,0;  480,0;  500,0;  520,0;  560,0;  580,0;  600,0;  640,0;  660,0;  680,0;  720,0;  740,0;  760,0;          850,0;  870,0;  890,0;  910,0;  950,0;  970,0;  990,0;  1030,0;  1050,0;  1070,0;  1110,0;  1130,0;  1150,0;          1240,0;  1260,0;  1280,0;  1300,0;  1340,0;  1360,0;  1380,0;  1420,0;  1440,0;  1460,0;  1500,0;  1520,0;  1540,0;;;





// <-- Trennzeichen für den Code

Daten zum Ablauf des Endbosses
BossTextures = Anzahl der vorhandenen Texturen
BossSounds = Anzahhl der Vorhandenen Sounds
BossHitbox = Hitbox Widht, Hitbox height
BossIncoming = x Koordinaten, in der der Boss, zum Start, ins Bild fliegt
BossEnergie = Energie des Endbosses
BossWeaponPoints = Punkte an dem der Boss seine Waffen hat. Relativ zur Mitte des Bosses (y,x;x:y usw) Die Punkte werden der Reihe nach katalogisiert
BossWayPoints = Wegpunkte des Loops, die der Boss abläuft (x1, y1, x2, y2, Frames, angezeigte Textur)
BossShotPoints = Punkte an der der Boss schiesst (Frame, Schusstyp, Geschwindigkeit, WeaponPoint)
BossSoundPoints = Gibt an bei welchem Frame, welcher Sound ausgegeben wird (Frame, Sound)