BossTextures=6;;;
BossSounds=1;;;
BossHitbox=140,50;;;
BossEnergie=40000;;;
BossTime=149;;;
BossIncoming=240;;;
BossWeaponPoints=-0,75;;;
BossWayPoints=240,200,240,200,40,0;  240,200,240,200,20,1;  240,200,400,240,40,4;  400,240,80,280,80,5;  80,280,300,310,60,4;  300,310,300,750,20,2;  300,750,300,200,60,3;  300,200,300,200,20,0;           300,200,80,230,60,5;  80,230,140,240,20,4;  140,240,140,750,20,2;  140,750,140,200,60,3;  140,200,140,200,20,0;          140,200,400,240,60,4;  400,240,80,290,80,5;  80,290,210,310,40,4;  210,310,210,750,20,2;  210,750,210,200,60,3;  210,200,210,200,20,0;          210,200,400,220,40,4;  400,220,80,270,80,5;  80,270,270,300,60,4;  270,300,270,750,20,2;  270,750,270,200,60,3;  270,200,270,200,20,0;          270,200,400,220,30,4;  400,220,80,260,80,5;  80,260,120,290,20,5;  120,290,120,750,20,2;  120,750,120,200,60,3;  120,200,120,200,20,0;          120,200,360,230,50,4;  360,230,360,750,20,2;  360,750,360,200,60,3;  360,200,360,200,20,0;          360,200,80,220,60,5;  80,220,400,250,80,4;  400,250,80,280,80,5;  80,280,400,310,80,4;  400,310,240,330,40,5;  240,330,240,750,20,2;  240,750,240,200,60,3;;;		
BossShotPoints=70,2,5,0;  75,2,7,0;  80,2,6,0;  85,2,8,0;  90,2,5,0;  95,2,7,0;  100,2,6,0;  105,2,8,0;  110,2,5,0;  115,2,7,0;  120,2,6,0;  125,2,8,0;  130,2,5,0;  135,2,7,0;  140,2,6,0;  145,2,8,0;  150,2,5,0;  155,2,7,0;  160,2,6,0;  165,2,8,0;  170,2,5,0;  175,2,7,0;  180,2,6,0;  185,2,8,0;  190,2,5,0;  195,2,7,0;  200,2,6,0;  205,2,8,0;  210,2,5,0;  215,2,7,0;  220,2,6,0;  225,2,8,0;  230,2,5,0;          340,3,5,0;  345,1,7,0;  350,1,7,0;  355,1,7,0;  360,3,5,0;  365,1,7,0;  370,1,7,0;  375,1,7,0;  380,3,5,0;  385,1,7,0;  390,1,7,0;  395,1,7,0;  400,3,5,0;          520,2,7,0;  525,2,4,0;  530,2,6,0;  535,2,5,0;  540,2,7,0;  545,2,4,0;  550,2,6,0;  555,2,5,0;  560,2,7,0;  565,2,4,0;  570,2,6,0;  575,2,5,0;  580,2,7,0;  585,2,4,0;  590,2,6,0;  595,2,5,0;  600,2,7,0;  605,2,4,0;  610,2,6,0;  615,2,5,0;  620,2,7,0;  625,2,4,0;  630,2,6,0;  635,2,5,0;  640,2,7,0;  645,2,4,0;  650,2,6,0;  655,2,5,0;  660,2,7,0;  665,2,4,0;  670,2,6,0;  675,2,5,0;  680,2,7,0;  685,2,4,0;  690,2,6,0;          800,3,7,0;  815,1,5,0;  820,1,5,0;  825,1,5,0;  830,3,7,0;  835,1,5,0;  840,1,5,0;  845,1,5,0;  850,3,7,0;  855,1,5,0;  860,1,5,0;  865,1,5,0;  870,1,5,0;  830,3,7,0;  840,3,7,0;  850,3,7,0;  860,3,7,0;  870,3,7,0;  875,1,5,0;  880,1,5,0;  885,1,5,0;  890,3,7,0;  895,1,5,0;  900,1,5,0;  905,1,5,0;  910,3,7,0;  915,1,5,0;  920,1,5,0;  925,1,5,0;  930,3,7,0;  935,1,5,0;  940,1,5,0;  945,1,5,0;  950,3,7,0;  955,1,5,0;  960,1,5,0;  965,1,5,0;  970,3,7,0;          1080,2,5,0;  1085,2,7,0;  1090,2,6,0;  1095,2,8,0;  1100,2,5,0;  1105,2,7,0;  1110,2,6,0;  1115,2,8,0;  1120,2,5,0;  1125,2,7,0;  1130,2,6,0;  1135,2,8,0;  1140,2,5,0;  1145,2,7,0;  1150,2,6,0;  1155,2,8,0;  1160,2,5,0;  1165,2,7,0;  1170,2,6,0;  1175,2,8,0;  1180,2,5,0;  1185,2,7,0;  1190,2,6,0;  1195,2,8,0;  1200,2,5,0;          1310,3,7,0;  1315,1,5,0;  1320,1,5,0;  1325,1,5,0;  1330,3,7,0;  1335,1,5,0;  1340,1,5,0;  1345,1,5,0;  1350,3,7,0;          1460,3,5,0;  1465,1,7,0;  1470,1,7,0;  1475,1,7,0;  1480,3,5,0;  1485,1,7,0;  1490,1,7,0;  1495,1,7,0;  1500,3,5,0;  1505,1,7,0;  1510,1,7,0;  1515,1,7,0;  1520,3,5,0;  1525,1,7,0;  1530,1,7,0;  1535,1,7,0;  1540,3,5,0;  1545,1,7,0;  1550,1,7,0;  1555,1,7,0;  1560,3,5,0;  1565,1,7,0;  1570,1,7,0;  1575,1,7,0;  1580,3,5,0;  1585,1,7,0;  1590,1,7,0;  1595,1,7,0;  1600,3,5,0;  1605,1,7,0;  1610,1,7,0;  1615,1,7,0;  1620,3,5,0;  1625,1,7,0;  1630,1,7,0;  1635,1,7,0;  1640,3,5,0;  1645,1,7,0;  1650,1,7,0;  1655,1,7,0;  1660,3,5,0;  1665,1,7,0;  1670,1,7,0;  1675,1,7,0;  1680,3,5,0;  1685,1,7,0;  1690,1,7,0;  1695,1,7,0;  1700,3,5,0;  1705,1,7,0;  1710,1,7,0; 1715,1,7,0;  1720,3,5,0;  1725,1,7,0;  1730,1,7,0;  1735,1,7,0;  1740,3,5,0;  1745,1,7,0;  1750,1,7,0;  1755,1,7,0;  1760,3,5,0;  1765,1,7,0;  1770,1,7,0;  1775,1,7,0;  1780,3,5,0;  1785,1,7,0;  1790,1,7,0;;;
BossSoundPoints=220,0;  400,0;  680,0;  950,0;  1190,0;  1340,0;  1780,0;;;





// <-- Trennzeichen für den Code

Daten zum Ablauf des Endbosses
BossTextures = Anzahl der vorhandenen Texturen
BossSounds = Anzahhl der Vorhandenen Sounds
BossHitbox = Hitbox Widht, Hitbox height
BossIncoming = x Koordinaten, in der der Boss, zum Start, ins Bild fliegt
BossEnergie = Energie des Endbosses
BossWeaponPoints = Punkte an dem der Boss seine Waffen hat. Relativ zur Mitte des Bosses (y,x;x:y usw) Die Punkte werden der Reihe nach katalogisiert
BossWayPoints = Wegpunkte des Loops, die der Boss abläuft (x1, y1, x2, y2, Frames, angezeigte Textur)
BossShotPoints = Punkte an der der Boss schiesst (Frame, Schusstyp, Geschwindigkeit, WeaponPoint)
BossSoundPoints = Gibt an bei welchem Frame, welcher Sound ausgegeben wird (Frame, Sound)