BossTextures=4;;;
BossSounds=1;;;
BossHitbox=190,68;;;
BossEnergie=30000;;;
BossTime=99;;;
BossIncoming=240;;;
BossWeaponPoints=-42,29;42,29;-76,40;76,40;;;
BossWayPoints=240,200,240,200,10,2;  240,200,240,200,10,1;  240,200,240,200,45,3;     240,200,120,220,60,3;  120,220,240,240,60,3;  240,240,360,220,60,3;  360,220,240,200,60,3;          240,200,240,200,80,0;          240,200,360,400,60,3;  360,400,240,240,60,3;  240,240,120,400,60,3;  120,400,240,200,60,3; 240,200,240,200,30,0;          240,200,50,300,50,1;  50,300,430,300,50,3;  430,300,50,300,50,3;  50,300,430,300,50,3;  430,300,240,200,50,0;          240,200,240,200,20,1;  240,200,240,200,25,2;  240,200,430,200,50,3;  430,200,240,400,60,3;  240,400,50,200,60,3;  50,200,240,200,50,3;;; 
BossShotPoints=30,2,5,0;30,2,5,1;  40,2,5,2;40,2,5,3;  50,2,5,0;50,2,5,1;  60,2,5,2;60,2,5,3;  70,2,5,0;70,2,5,1;  80,2,5,2;80,2,5,3;  90,2,5,0;90,2,5,1;  100,2,5,2;100,2,5,3;  110,2,5,0;110,2,5,1;  120,2,5,2;120,2,5,3;  130,2,5,0;130,2,5,1;  140,2,5,2;140,2,5,3;  150,2,5,0;150,2,5,1;  160,2,5,2;160,2,5,3;  170,2,5,0;170,2,5,1;  180,2,5,2;180,2,5,3;  190,2,5,0;190,2,5,1;  200,2,5,2;200,2,5,3;  210,2,5,0;210,2,5,1;  220,2,5,2;220,2,5,3;  230,2,5,0;230,2,5,1;  240,2,5,2;240,2,5,3;  250,2,5,0;250,2,5,1;  260,2,5,2;260,2,5,3;  270,2,5,0;270,2,5,1;          340,1,5,0;  345,1,5,1;  350,1,5,2;  355,1,5,3;  360,1,5,2;  365,1,5,1;  370,1,5,0;  375,1,5,1;  380,1,5,2;  385,1,5,3;  390,1,5,2;  395,1,5,1;  400,1,5,0;  405,1,5,1;  410,1,5,2;  415,1,5,3;  420,1,5,2;  425,1,5,1;  430,1,5,0;  435,1,5,1;  440,1,5,2;  445,1,5,3;  450,1,5,2;  455,1,5,1;  460,1,5,0;  465,1,5,1;  470,1,5,2;  475,1,5,3;  480,1,5,2;  485,1,5,1;  490,1,5,0;  495,1,5,1;  500,1,5,2;  505,1,5,3;  510,1,5,2;  515,1,5,1;  520,1,5,0;  525,1,5,1;  530,1,5,2;  535,1,5,3;  540,1,5,2;  545,1,5,1;  550,1,5,0;  555,1,5,1;  560,1,5,2;  565,1,5,3;  570,1,5,2;  575,1,5,1;  580,1,5,0;  585,1,5,1;  590,1,5,2;  595,1,5,3;  600,1,5,2;  605,1,5,1;  610,1,5,0;  615,1,5,1;  620,1,5,2;  625,1,5,3;          705,2,5,0;705,2,5,1;  720,2,5,2;720,2,5,3;  735,2,5,0;735,2,5,1;  750,2,5,2;750,2,5,3;  765,2,5,0;765,2,5,1;  780,2,5,2;780,2,5,3;  795,2,5,0;795,2,5,1;  810,2,5,2;810,2,5,3;  825,2,5,0;825,2,5,1;  840,2,5,2;840,2,5,3;          950,1,5,0;  955,1,5,1;  960,1,5,2;  965,1,5,3;  970,1,5,2;  975,1,5,1;  980,1,5,0;  985,1,5,1;  990,1,5,2;  995,1,5,3;  1000,1,5,2;  1005,1,5,1;  1010,1,5,0;  1015,1,5,1;  1020,1,5,2;  1025,1,5,3;  1030,1,5,2;  1035,1,5,1;  1040,1,5,0;  1045,1,5,1;  1050,1,5,2;  1055,1,5,3;  1060,1,5,2;  1065,1,5,1;  1070,1,5,0;  1075,1,5,1;  1080,1,5,2;  1085,1,5,3;  1090,1,5,2;  1095,1,5,1;  1100,1,5,0;  1105,1,5,1;  1110,1,5,2;  1115,1,5,3;  1120,1,5,2;  1125,1,5,1;  1130,1,5,0;  1135,1,5,1;  1140,1,5,2;  1145,1,5,3;  1150,1,5,2;  1155,1,5,1;  1160,1,5,0;  1165,1,5,1;;;
BossSoundPoints=1,0; 11,0; 21,0; 306,0;  386,0;  625,0;  655,0;  705,0;  855,0;  905,0;  925,0;  950,0;;;;





// <-- Trennzeichen für den Code

Daten zum Ablauf des Endbosses
BossTextures = Anzahl der vorhandenen Texturen
BossSounds = Anzahhl der Vorhandenen Sounds
BossHitbox = Hitbox Widht, Hitbox height
BossIncoming = x Koordinaten, in der der Boss, zum Start, ins Bild fliegt
BossEnergie = Energie des Endbosses
BossWeaponPoints = Punkte an dem der Boss seine Waffen hat. Relativ zur Mitte des Bosses (y,x;x:y usw) Die Punkte werden der Reihe nach katalogisiert
BossWayPoints = Wegpunkte des Loops, die der Boss abläuft (x1, y1, x2, y2, Frames, angezeigte Textur)
BossShotPoints = Punkte an der der Boss schiesst (Frame, Schusstyp, Geschwindigkeit, WeaponPoint)
BossSoundPoints = Gibt an bei welchem Frame, welcher Sound ausgegeben wird (Frame, Sound)