// WICHTIG BOSS IST SCHON FERTIG

BossTextures=5;;;
BossSounds=1;;;
BossHitbox=250,40;;;
BossEnergie=60000;;;
BossTime=199;;;
BossIncoming=240;;;
BossWeaponPoints=-42,29;  42,29;  -76,40  ;76,40;  -110,52;  110,52;;;
BossWayPoints=240,200,240,200,40,0;	 240,200,240,200,40,2;  240,200,360,250,60,1;  360,250,120,250,120,1;  120,250,240,200,60,1;           240,200,240,200,40,0;  240,200,240,200,40,3;  240,200,120,250,60,1;  120,250,360,250,120,1;  360,250,240,200,60,1;          240,200,240,200,40,0;  240,200,240,200,40,4;  240,200,360,250,60,1;  360,250,120,250,120,1;  120,250,240,200,60,1;          240,200,240,200,40,0;  240,200,240,200,40,2;  240,200,120,250,60,1;  120,250,360,250,120,1;  360,250,240,200,60,1;           240,200,240,200,40,0;  240,200,240,200,40,3;  240,200,360,250,60,1;  360,250,120,250,120,1;  120,250,240,200,60,1;          240,200,240,200,40,0;  240,200,240,200,40,4;  240,200,120,250,60,1;  120,250,360,250,120,1;  360,250,240,200,60,1;;;		
BossShotPoints=60,12,10,4;60,12,10,5;  70,12,10,4;70,12,10,5;  80,12,10,4;80,12,10,5;  90,12,10,4;90,12,10,5;  100,12,10,4;100,12,10,5;  110,12,10,4;110,12,10,5;  120,12,10,4;120,12,10,5;  130,12,10,4;130,12,10,5;  140,12,10,4;140,12,10,5;  150,12,10,4;150,12,10,5;  160,12,10,4;160,12,10,5;  170,12,10,4;170,12,10,5;  180,12,10,4;180,12,10,5;  190,12,10,4;190,12,10,5;  200,12,10,4;200,12,10,5;  210,12,10,4;210,12,10,5;  220,12,10,4;220,12,10,5;  230,12,10,4;230,12,10,5;  240,12,10,4;240,12,10,5;  250,12,10,4;250,12,10,5;  260,12,10,4;260,12,10,5;  270,12,10,4;270,12,10,5;  280,12,10,4;280,12,10,5;  290,12,10,4;290,12,10,5;  300,12,10,4;300,12,10,5;  310,12,10,4;310,12,10,5;  320,12,10,4;320,12,10,5;     100,2,6,0;100,2,6,1;  110,2,6,0;110,2,6,1;  120,2,6,2;120,2,6,3;  130,2,6,2;130,2,6,3;  140,2,6,0;140,2,6,1;  150,2,6,0;150,2,6,1;  160,2,6,2;160,2,6,3;  170,2,6,2;170,2,6,3;  180,2,6,0;180,2,6,1;  190,2,6,0;190,2,6,1;  200,2,6,2;200,2,6,3;  210,2,6,2;210,2,6,3;  220,2,6,0;220,2,6,1;  230,2,6,0;230,2,6,1;  240,2,6,2;240,2,6,3;  250,2,6,2;250,2,6,3;  260,2,6,0;260,2,6,1;  270,2,6,0;270,2,6,1;  280,2,6,2;280,2,6,3;  290,2,6,2;290,2,6,3;  300,2,6,0;300,2,6,1;  310,2,6,0;310,2,6,1;  320,2,6,2;320,2,6,3;          380,12,10,2;380,12,10,3;  390,12,10,2;390,12,10,3;  400,12,10,2;400,12,10,3;  410,12,10,2;410,12,10,3;  420,12,10,2;420,12,10,3;  430,12,10,2;430,12,10,3;  440,12,10,2;440,12,10,3;  450,12,10,2;450,12,10,3;  460,12,10,2;460,12,10,3;  470,12,10,2;470,12,10,3;  480,12,10,2;480,12,10,3;  490,12,10,2;490,12,10,3;  500,12,10,2;500,12,10,3;  510,12,10,2;510,12,10,3;  520,12,10,2;520,12,10,3;  530,12,10,2;530,12,10,3;  540,12,10,2;540,12,10,3;  550,12,10,2;550,12,10,3;  560,12,10,2;560,12,10,3;  570,12,10,2;570,12,10,3;  580,12,10,2;580,12,10,3;  590,12,10,2;590,12,10,3;  600,12,10,2;600,12,10,3;  610,12,10,2;610,12,10,3;  620,12,10,2;620,12,10,3;  630,12,10,2;630,12,10,3;  640,12,10,2;640,12,10,3;     420,2,6,0;420,2,6,1;  430,2,6,0;430,2,6,1;  440,2,6,4;440,2,6,5;  450,2,6,4;450,2,6,5;  460,2,6,0;460,2,6,1;  470,2,6,0;470,2,6,1;  480,2,6,4;480,2,6,5; 490,2,6,4;490,2,6,5;  500,2,6,0;500,2,6,1;  510,2,6,0;510,2,6,1;  520,2,6,4;520,2,6,5;  530,2,6,4;530,2,6,5;  540,2,6,0;540,2,6,1;  550,2,6,0;550,2,6,1;  560,2,6,4;560,2,6,5;  570,2,6,4;570,2,6,5;  580,2,6,0;580,2,6,1;  590,2,6,0;590,2,6,1;  600,2,6,4;600,2,6,5;  610,2,6,4;610,2,6,5;  620,2,6,0;620,2,6,1;  630,2,6,0;630,2,6,1;  640,2,6,4;640,2,6,5;          700,12,10,0;700,12,10,1;  710,12,10,0;710,12,10,1;  720,12,10,0;720,12,10,1;  730,12,10,0;730,12,10,1;  740,12,10,0;740,12,10,1;  750,12,10,0;750,12,10,1;  760,12,10,0;760,12,10,1;  770,12,10,0;770,12,10,1;  780,12,10,0;780,12,10,1;  790,12,10,0;790,12,10,1;  800,12,10,0;800,12,10,1;  810,12,10,0;810,12,10,1;  820,12,10,0;820,12,10,1;  830,12,10,0;830,12,10,1;  840,12,10,0;840,12,10,1;  850,12,10,0;850,12,10,1;  860,12,10,0;860,12,10,1;  870,12,10,0;870,12,10,1;  880,12,10,0;880,12,10,1;  890,12,10,0;890,12,10,1;  900,12,10,0;900,12,10,1;  910,12,10,0;910,12,10,1;  920,12,10,0;920,12,10,1;  930,12,10,0;930,12,10,1;  940,12,10,0;940,12,10,1;     740,2,6,2;740,2,6,3;  750,2,6,2;750,2,6,3;  760,2,6,4;760,2,6,5;  770,2,6,4;770,2,6,5;  780,2,6,2;780,2,6,3;  790,2,6,2;790,2,6,3;  800,2,6,4;800,2,6,5;  810,2,4,5;810,2,6,5;  820,2,6,2;820,2,6,3;  830,2,6,2;830,2,6,3;  840,2,6,4;840,2,6,5;  850,2,6,4;850,2,6,5;  860,2,6,2;860,2,6,3;  870,2,6,2;870,2,6,3;  880,2,6,4;880,2,6,5;  890,2,6,4;890,2,6,5;  900,2,6,2;900,2,6,3;  910,2,6,2;910,2,6,3;  920,2,6,4;920,2,6,5;  930,2,6,4;930,2,6,5;  940,2,6,2;940,2,6,3;          1000,12,10,4;1000,12,10,5;  1010,12,10,4;1010,12,10,5;  1020,12,10,4;1020,12,10,5;  1030,12,10,4;1030,12,10,5;  1040,12,10,4;1040,12,10,5;  1050,12,10,4;1050,12,10,5;  1060,12,10,4;1060,12,10,5;  1070,12,10,4;1070,12,10,5;  1080,12,10,4;1080,12,10,5;  1090,12,10,4;1090,12,10,5;  1100,12,10,4;1100,12,10,5;  1110,12,10,4;1110,12,10,5;  1120,12,10,4;1120,12,10,5;  1130,12,10,4;1130,12,10,5;  1140,12,10,4;1140,12,10,5;  1150,12,10,4;1150,12,10,5;  1160,12,10,4;1160,12,10,5;  1170,12,10,4;1170,12,10,5;  1180,12,10,4;1180,12,10,5;  1190,12,10,4;1190,12,10,5;  1200,12,10,4;1200,12,10,5;  1210,12,10,4;1210,12,10,5;  1220,12,10,4;1220,12,10,5;  1230,12,10,4;1230,12,10,5;  1240,12,10,4;1240,12,10,5;  1250,12,10,4;1250,12,10,5;  1260,12,10,4;1260,12,10,5;     1040,2,6,0;1040,2,6,1;  1050,2,6,0;1050,2,6,1;  1060,2,6,2;1060,2,6,3;  1070,2,6,2;1070,2,6,3;  1080,2,6,0;1080,2,6,1;  1090,2,6,0;1090,2,6,1;  1100,2,6,2;1100,2,6,3;  1110,2,6,2;1110,2,6,3;  1120,2,6,0;1120,2,6,1;  1130,2,6,0;1130,2,6,1;  1140,2,6,2;1140,2,6,3;  1150,2,6,2;1150,2,6,3;  1160,2,6,0;1160,2,6,1;  1170,2,6,0;1170,2,6,1;  1180,2,6,2;1180,2,6,3;  1190,2,6,2;1190,2,6,3;  1200,2,6,0;1200,2,6,1;  1210,2,6,0;1210,2,6,1;  1220,2,6,2;1220,2,6,3;  1230,2,6,2;1230,2,6,3;  1240,2,6,0;1240,2,6,1;  1250,2,6,0;1250,2,6,1;  1260,2,6,2;1260,2,6,3;          1320,12,10,2;1320,12,10,3;  1330,12,10,2;1330,12,10,3;  1340,12,10,2;1340,12,10,3;  1350,12,10,2;1350,12,10,3;  1360,12,10,2;1360,12,10,3;  1370,12,10,2;1370,12,10,3;  1380,12,10,2;1380,12,10,3;  1390,12,10,2;1390,12,10,3;  1400,12,10,2;1400,12,10,3;  1410,12,10,2;1410,12,10,3;  1420,12,10,2;1420,12,10,3;  1430,12,10,2;1430,12,10,3;  1440,12,10,2;140,12,10,3;  1450,12,10,2;1450,12,10,3;  1460,12,10,2;1460,12,10,3;  1470,12,10,2;1470,12,10,3;  1480,12,10,2;1480,12,10,3;  1490,12,10,2;1490,12,10,3;  1500,12,10,2;1500,12,10,3;  1510,12,10,2;1510,12,10,3;  1520,12,10,2;1520,12,10,3;  1530,12,10,2;1530,12,10,3;  1540,12,10,2;1540,12,10,3;  1550,12,10,2;1550,12,10,3;  1560,12,10,2;1560,12,10,3;  1570,12,10,2;1570,12,10,3;  1580,12,10,2;1580,12,10,3;     1360,2,6,0;1360,2,6,1;  1370,2,6,0;1370,2,6,1;  1380,2,6,4;1380,2,6,5;  1390,2,6,4;1390,2,6,5;  1400,2,6,0;1400,2,6,1;  1410,2,6,0;1410,2,6,1;  1420,2,6,4;1420,2,6,5; 1430,2,6,4;1430,2,6,5;  1440,2,6,0;1440,2,6,1;  1450,2,6,0;1450,2,6,1;  1460,2,6,4;1460,2,6,5;  1470,2,6,4;1470,2,6,5;  1480,2,6,0;1480,2,6,1;  1490,2,6,0;1490,2,6,1;  1500,2,6,4;1500,2,6,5;  1510,2,6,4;1510,2,6,5;  1520,2,6,0;1520,2,6,1;  1530,2,6,0;1530,2,6,1;  1540,2,6,4;1540,2,6,5;  1550,2,6,4;1550,2,6,5;  1560,2,6,0;1560,2,6,1;  1570,2,6,0;1570,2,6,1;  1580,2,6,4;1580,2,6,5;          1660,12,10,0;1660,12,10,1;  1670,12,10,0;1670,12,10,1;  1680,12,10,0;1680,12,10,1;  1690,12,10,0;1690,12,10,1;  1700,12,10,0;1700,12,10,1;  1710,12,10,0;1710,12,10,1;  1720,12,10,0;1720,12,10,1;  1730,12,10,0;1730,12,10,1;  1740,12,10,0;1740,12,10,1;  1750,12,10,0;1750,12,10,1;  1760,12,10,0;1760,12,10,1;  1770,12,10,0;1770,12,10,1;  1780,12,10,0;1780,12,10,1;  1790,12,10,0;1790,12,10,1;  1800,12,10,0;1800,12,10,1;  1810,12,10,0;1810,12,10,1;  1820,12,10,0;1820,12,10,1;  1830,12,10,0;1830,12,10,1;  1840,12,10,0;1840,12,10,1;  1850,12,10,0;1850,12,10,1;  1860,12,10,0;1860,12,10,1;  1870,12,10,0;1870,12,10,1;  1880,12,10,0;1880,12,10,1;  1890,12,10,0;1890,12,10,1;  1900,12,10,0;1900,12,10,1;     1700,2,6,2;1700,2,6,3;  1710,2,6,2;1710,2,6,3;  1720,2,6,4;1720,2,6,5;  1730,2,6,4;1730,2,6,5;  1740,2,6,2;1740,2,6,3;  1750,2,6,2;1750,2,6,3;  1760,2,6,4;1760,2,6,5;  1770,2,6,4;1770,2,6,5;  1780,2,6,2;1780,2,6,3;  1790,2,6,2;1790,2,6,3;  1800,2,6,4;1800,2,6,5;  1810,2,6,4;1810,2,6,5;  1820,2,6,2;1820,2,6,3;  1830,2,6,2;1830,2,6,3;  1840,2,6,4;1840,2,6,5;  1850,2,6,4;1850,2,6,5;  1860,2,6,2;1860,2,6,3;  1870,2,6,2;1870,2,6,3;  1880,2,6,4;1880,2,6,5;  1890,2,6,4;1890,2,6,5;  1900,2,6,2;1900,2,6,3;;;
BossSoundPoints=20,0; 60,0;  320,0;  360,0;  640,0;  680,0;  960,0;  1000,0;  1320,0;  1360,0;  1600,0;  1640,0;;;





// <-- Trennzeichen für den Code

Daten zum Ablauf des Endbosses
BossTextures = Anzahl der vorhandenen Texturen
BossSounds = Anzahhl der Vorhandenen Sounds
BossHitbox = Hitbox Widht, Hitbox height
BossIncoming = x Koordinaten, in der der Boss, zum Start, ins Bild fliegt
BossEnergie = Energie des Endbosses
BossWeaponPoints = Punkte an dem der Boss seine Waffen hat. Relativ zur Mitte des Bosses (y,x;x:y usw) Die Punkte werden der Reihe nach katalogisiert
BossWayPoints = Wegpunkte des Loops, die der Boss abläuft (x1, y1, x2, y2, Frames, angezeigte Textur)
BossShotPoints = Punkte an der der Boss schiesst (Frame, Schusstyp, Geschwindigkeit, WeaponPoint)
BossSoundPoints = Gibt an bei welchem Frame, welcher Sound ausgegeben wird (Frame, Sound)