BossTextures=6;;;
BossSounds=1;;;
BossHitbox=140,50;;;
BossEnergie=30000;;;
BossTime=99;;;
BossIncoming=240;;;
BossWeaponPoints=-0,75;;;
BossWayPoints=240,200,240,200,40,0;  240,200,240,200,20,1;  240,200,400,240,40,4;  400,240,80,280,80,5;  80,280,300,310,60,4;  300,310,300,750,20,2;  300,750,300,200,60,3;  300,200,300,200,20,0;           300,200,80,230,60,5;  80,230,140,240,20,4;  140,240,140,750,20,2;  140,750,140,200,60,3;  140,200,140,200,20,0;          140,200,400,240,60,4;  400,240,80,290,80,5;  80,290,210,310,40,4;  210,310,210,750,20,2;  210,750,210,200,60,3;  210,200,210,200,20,0;          210,200,400,220,40,4;  400,220,80,270,80,5;  80,270,270,300,60,4;  270,300,270,750,20,2;  270,750,270,200,60,3;  270,200,270,200,20,0;          270,200,400,220,30,4;  400,220,80,260,80,5;  80,260,120,290,20,5;  120,290,120,750,20,2;  120,750,120,200,60,3;  120,200,120,200,20,0;          120,200,360,230,50,4;  360,230,360,750,20,2;  360,750,360,200,60,3;  360,200,360,200,20,0;          360,200,80,220,60,5;  80,220,400,250,80,4;  400,250,80,280,80,5;  80,280,400,310,80,4;  400,310,240,330,40,5;  240,330,240,750,20,2;  240,750,240,200,60,3;;;		
BossShotPoints=70,2,5,0;  85,2,5,0;  100,2,5,0;  115,2,5,0;  130,2,5,0;  145,2,5,0;  160,2,5,0;  175,2,5,0;  190,2,5,0;  205,2,5,0;  220,2,5,0;  235,2,5,0;          340,3,7,0;  355,3,7,0;  370,3,7,0;  385,3,7,0;  400,3,7,0;          520,2,5,0;  535,2,5,0;  550,2,5,0;  565,2,5,0;  580,2,5,0;  595,2,5,0;  610,2,5,0;  625,2,5,0;  640,2,5,0;  655,2,5,0;  670,2,5,0;  685,2,5,0;  700,2,5,0;          800,3,7,0;  815,3,7,0;  830,3,7,0;  845,3,7,0;  860,3,7,0;  875,3,7,0;  890,3,7,0;  905,3,7,0;  920,3,7,0;  935,3,7,0;  950,3,7,0;  965,3,7,0;  980,3,7,0;          1080,2,5,0;  1095,2,5,0;  1110,2,5,0;  1125,2,5,0;  1140,2,5,0;  1155,2,5,0;  1170,2,5,0;  1185,2,5,0;  1200,2,5,0;          1310,3,7,0;  1325,3,7,0;  1340,3,7,0;  1355,3,7,0;          1460,3,7,0;  1475,3,7,0;  1490,3,7,0;  1505,3,7,0;  1520,3,7,0;  1535,3,7,0;  1550,3,7,0;  1565,3,7,0;  1580,3,7,0;  1595,3,7,0;  1610,3,7,0;  1625,3,7,0;  1640,3,7,0;  1655,3,7,0;  1670,3,7,0;  1685,3,7,0;  1700,3,7,0;  1715,3,7,0;  1730,3,7,0;  1745,3,7,0;  1760,3,7,0;  1775,3,7,0;  1790,3,7,0;;;
BossSoundPoints=220,0;  400,0;  680,0;  960,0;  1190,0;  1340,0;  1780,0;;;





// <-- Trennzeichen für den Code

Daten zum Ablauf des Endbosses
BossTextures = Anzahl der vorhandenen Texturen
BossSounds = Anzahhl der Vorhandenen Sounds
BossHitbox = Hitbox Widht, Hitbox height
BossIncoming = x Koordinaten, in der der Boss, zum Start, ins Bild fliegt
BossEnergie = Energie des Endbosses
BossWeaponPoints = Punkte an dem der Boss seine Waffen hat. Relativ zur Mitte des Bosses (y,x;x:y usw) Die Punkte werden der Reihe nach katalogisiert
BossWayPoints = Wegpunkte des Loops, die der Boss abläuft (x1, y1, x2, y2, Frames, angezeigte Textur)
BossShotPoints = Punkte an der der Boss schiesst (Frame, Schusstyp, Geschwindigkeit, WeaponPoint)
BossSoundPoints = Gibt an bei welchem Frame, welcher Sound ausgegeben wird (Frame, Sound)